Costs	Duration	Task_1	Task_2	Task_3	Task_4	Task_5	Task_6	Task_7	Task_8	Task_9	Task_10	Task_11	Task_12	Task_13
106.0	96.0	1519
116.0	106.0	2672
87.0	77.0	245
98.0	88.0	1
74.0	64.0	2165
83.0	73.0	2605
86.0	76.0	2458
204.0	194.0	2569
84.0	74.0	617
147.0	137.0	118
204.0	194.0	2571
50.0	40.0	774
28.0	18.0	1244
55.0	45.0	3111
827.0	697.0	1268	1267	850	849	1113	1447	1446	1445	1444	1443	1442	1270	1269
845.0	715.0	1647	1646	1645	2325	2324	2323	2322	1540	1539	1538	3201	3200	3199
787.0	667.0	638	3182	3181	3180	3179	1416	1415	1414	2012	1740	1739	1738
788.0	668.0	2883	2882	2881	2880	2879	2214	2213	2212	2887	2886	2885	2884
794.0	674.0	2608	1520	627	626	2677	2676	2675	1729	1728	2611	2610	2609
795.0	675.0	985	984	983	982	981	980	991	990	989	988	987	986
812.0	692.0	2382	1644	1643	2819	2818	1367	1366	1649	1648	1365	1364	1363
828.0	708.0	2065	2064	2063	597	596	595	594	15	3028	3027	3026	3025
785.0	675.0	896	906	905	904	903	902	901	900	899	898	897
804.0	694.0	1461	1460	1459	1458	1457	406	405	404	1925	1924	1882
814.0	704.0	1375	810	861	860	859	858	857	856	855	854	853
830.0	720.0	2817	2194	2193	2192	2191	2190	2189	2188	2545	2819	2818
559.0	459.0	355	354	353	352	351	350	349	1829	1828	1827
682.0	582.0	1690	1689	1688	1687	1686	1685	1684	61	60	634
684.0	584.0	2276	1902	1901	1908	1907	1281	2498	2497	2496	2495
705.0	605.0	389	388	387	386	1711	1710	385	384	383	718
745.0	645.0	1103	1102	77	76	2600	2599	1107	1106	1105	2150
769.0	669.0	450	449	448	447	446	445	444	2401	2400	1116
769.0	669.0	436	435	434	433	432	431	430	2478	2199	2198
774.0	674.0	1452	1451	1450	1449	521	520	519	518	517	516
790.0	690.0	451	1115	1969	509	508	507	506	505	504	503
796.0	696.0	2920	2919	2918	2428	70	69	2756	2755	2754	2753
797.0	697.0	666	665	664	663	662	661	660	659	1012	1011
797.0	697.0	1424	1423	1422	1421	1420	1419	1418	1417	1426	1425
797.0	697.0	2688	2687	2686	2685	2684	2683	2682	2681	2690	2689
801.0	701.0	2888	2406	670	669	668	667	2085	2084	149	148
802.0	702.0	3098	3097	3096	3095	3094	330	329	328	327	3099
802.0	702.0	3133	3132	3131	3130	368	367	366	365	3135	3134
803.0	703.0	38	37	2281	2280	1010	1009	1008	2450	40	39
806.0	706.0	262	1953	1952	1951	1950	1949	266	265	264	263
807.0	707.0	2705	2704	22	21	20	744	743	1485	1484	1483
807.0	707.0	910	909	908	907	1533	1532	1531	3014	2372	3186
807.0	707.0	1999	1998	1997	1682	1681	2582	2581	2614	2613	700
808.0	708.0	1013	2093	2092	2091	2090	674	673	672	671	2405
808.0	708.0	1435	2072	2071	2070	2069	1440	1439	1438	1437	1436
808.0	708.0	3118	3117	2630	2629	2628	2627	2626	3121	3120	3119
810.0	710.0	1596	1595	1058	1057	1056	1601	1600	1599	1598	1597
812.0	712.0	3043	3052	3051	3050	3049	3048	3047	3046	3045	3044
812.0	712.0	230	229	228	227	236	235	234	233	232	231
812.0	712.0	807	814	813	812	811	1753	1752	1751	809	808
813.0	713.0	1388	1387	1386	1385	1664	1663	1662	1661	1660	1659
816.0	716.0	1833	1832	1831	1830	68	67	2468	2914	2913	2912
817.0	717.0	30	29	940	939	938	937	936	935	32	31
522.0	432.0	12	11	10	9	8	7	6	14	13
629.0	539.0	2148	2147	2381	2380	2379	2378	653	1104	2149
651.0	561.0	1854	1853	1852	1860	1859	1858	1857	1856	1855
668.0	578.0	2007	2006	2005	2004	2003	2002	2001	2009	2008
715.0	625.0	2224	2223	2222	2221	2829	2828	2940	2939	948
727.0	637.0	426	425	424	423	1641	2648	2647	2646	427
738.0	648.0	3152	3151	3150	3149	3148	142	36	3154	3153
739.0	649.0	78	1101	1100	1099	1098	1262	170	80	79
740.0	650.0	726	725	1626	1625	623	622	695	166	165
770.0	680.0	2353	2352	2351	1724	1723	1624	1623	1622	2354
753.0	663.0	2217	2216	2215	2878	1766	1765	1764	1763	2827
760.0	670.0	225	224	223	1707	86	85	378	26	226
793.0	703.0	1947	1946	2751	312	311	310	309	2181	2180
774.0	684.0	2618	2617	1464	1463	2623	2622	2621	2620	2619
775.0	685.0	2890	2889	147	146	145	144	143	1660	1659
779.0	689.0	2490	2489	2488	2651	2650	2649	501	500	499
784.0	694.0	2657	2656	2655	2654	2653	2652	1863	95	94
785.0	695.0	2557	2556	2555	282	281	280	334	2559	2558
787.0	697.0	2764	1228	1227	2770	2769	2768	2767	2766	2765
788.0	698.0	3164	3163	3162	3161	3160	3159	3158	3157	1025
791.0	701.0	1321	1320	2505	2504	2503	2502	2501	2500	2499
791.0	701.0	557	556	2870	2869	2868	2867	2866	2865	2864
791.0	701.0	3020	3019	2441	2440	2439	2438	2437	2436	2435
792.0	702.0	440	2392	2391	2390	326	325	324	3089	441
793.0	703.0	2141	2140	2139	2138	2146	2145	2144	2143	2142
793.0	703.0	2844	2843	2842	2127	2126	1339	2124	2846	2845
795.0	705.0	1109	1108	2321	2320	3200	3199	3198	3197	1110
797.0	707.0	971	970	1943	1942	1840	2697	2696	2695	2694
797.0	707.0	2362	2361	2360	2359	2358	1928	1927	1926	2363
798.0	708.0	202	201	550	549	548	547	2018	204	203
798.0	708.0	1784	1783	1038	1037	1825	1824	1787	1786	1785
800.0	710.0	1060	1059	1912	1911	1910	1283	1063	1062	1061
800.0	710.0	1487	1486	2773	2772	2771	325	324	3089	1488
807.0	717.0	19	18	17	3139	3138	3137	3136	746	745
808.0	718.0	708	3185	3184	3183	637	636	2015	2014	2013
810.0	720.0	1546	1545	1544	1543	1542	1541	997	1548	1547
613.0	533.0	1993	1992	1991	1990	1989	1988	2464	1731
632.0	552.0	809	808	1756	1755	1754	2992	2991	1374
668.0	588.0	1322	616	615	614	613	1325	1324	1323
676.0	596.0	1407	973	972	2693	2692	2691	2426	2425
698.0	618.0	1079	1078	361	360	1734	1470	1081	1080
704.0	624.0	2332	2331	2330	2329	3147	3146	2334	2333
713.0	633.0	1076	1075	1074	1073	1072	1071	2348	1077
737.0	657.0	271	270	269	268	267	1890	1889	2447
720.0	640.0	2741	2740	2739	2738	2737	2736	1343	1342
728.0	648.0	2636	2635	2634	2633	2640	2639	2638	2637
736.0	656.0	2179	2178	260	259	258	3189	3188	1948
738.0	658.0	1489	1496	1495	1494	1493	1492	1491	1490
738.0	658.0	2033	2032	2031	2030	222	221	220	2034
739.0	659.0	97	96	1862	1861	1066	1185	2780	2779
742.0	662.0	2398	2397	2396	2395	2394	2393	2392	278
744.0	664.0	917	916	923	922	921	920	919	918
745.0	665.0	213	212	219	218	217	216	215	214
745.0	665.0	1636	1635	1736	1735	1637	707	706	705
746.0	666.0	237	244	243	242	241	240	239	238
751.0	671.0	2404	2403	2402	1453	515	514	513	512
772.0	692.0	650	649	263	262	261	1640	1639	651
752.0	672.0	2972	2971	2366	1406	2970	2975	2974	2973
754.0	674.0	2598	2597	1748	1747	1651	1650	1649	1648
756.0	676.0	757	756	755	101	100	99	98	758
756.0	676.0	428	2645	2644	2643	2642	2641	3201	2319
759.0	679.0	1003	1275	1274	1273	2159	2158	2157	2399
759.0	679.0	621	620	690	689	625	624	2962	2961
761.0	681.0	84	83	82	81	382	381	380	379
782.0	702.0	2796	2795	2794	2793	1213	1212	1211	1210
763.0	683.0	2942	2941	2834	2833	1769	2413	2944	2943
785.0	705.0	248	247	200	251	1302	1301	1300	1299
766.0	686.0	3035	3034	3033	3032	2078	2077	2076	2075
767.0	687.0	202	201	2022	2021	2020	2019	546	545
767.0	687.0	1352	1351	1350	1349	1348	729	728	415
768.0	688.0	3085	3084	3083	3082	2258	2257	3087	3086
790.0	710.0	2787	825	53	3061	1204	1203	1202	2788
771.0	691.0	747	2328	2327	750	749	748	2481	2480
772.0	692.0	1130	1129	1128	1127	1330	47	1332	1131
773.0	693.0	1607	1606	1605	1604	1603	1602	2411	519
773.0	693.0	1535	1534	556	555	554	553	552	551
776.0	696.0	2863	2155	2154	2153	2152	2151	928	927
777.0	697.0	568	2507	2506	392	391	571	570	569
777.0	697.0	1984	1983	1982	2294	2293	2292	2291	1985
778.0	698.0	1154	1153	2105	2104	134	133	132	131
781.0	701.0	837	836	1252	1251	1173	1172	839	838
783.0	703.0	1875	2730	1328	1511	1510	1878	1877	1876
783.0	703.0	1413	1412	203	544	543	542	541	2310
783.0	703.0	412	2466	2465	2854	2853	2852	2851	2850
785.0	705.0	612	611	610	609	608	607	1327	1326
788.0	708.0	863	870	869	868	867	866	865	864
788.0	708.0	376	375	374	373	2444	2443	2442	377
788.0	708.0	16	593	1051	1050	1049	1048	1047	1046
789.0	709.0	931	930	929	1280	1279	1278	1277	1276
790.0	710.0	2083	2082	2081	2335	668	667	2085	2084
791.0	711.0	108	107	106	105	104	103	102	1291
796.0	716.0	3204	3203	3210	3209	3208	3207	3206	3205
799.0	719.0	1978	1977	1976	1975	1974	1973	1916	1915
800.0	720.0	2862	2861	497	496	495	494	493	807
800.0	720.0	3018	3017	3016	3015	1530	1529	1528	2377
500.0	430.0	2023	2866	2865	2864	2026	2025	2024
518.0	448.0	1938	1937	1936	1935	1934	1940	1939
551.0	481.0	829	828	827	3062	59	58	57
562.0	492.0	2533	2532	1885	3013	2536	2535	2534
611.0	541.0	2809	2808	2807	845	1264	1263	2810
629.0	559.0	573	572	1508	1507	1506	1505	1504
645.0	575.0	558	557	492	491	561	560	559
645.0	575.0	734	536	1839	1838	1837	413	735
650.0	580.0	2205	2204	2203	2202	2201	2200	606
654.0	584.0	914	913	74	73	72	71	915
656.0	586.0	155	154	153	152	875	150	156
657.0	587.0	1472	1692	1691	633	1475	1474	1473
669.0	599.0	2715	2714	2272	2271	1712	2717	2716
671.0	601.0	2955	2954	2953	2952	2951	2950	2956
671.0	601.0	1095	1094	169	2983	2982	2981	2980
672.0	602.0	186	185	184	183	189	188	187
674.0	604.0	1017	1016	1015	1014	511	510	1018
674.0	604.0	347	346	1034	1033	1032	1031	1030
683.0	613.0	2484	2483	2482	25	2487	2486	2485
688.0	618.0	1582	1581	1580	2913	2912	1579	1583
689.0	619.0	253	252	1303	838	256	255	254
695.0	625.0	583	1146	1145	1144	586	585	584
697.0	627.0	2251	2250	2364	2255	2254	2253	2252
701.0	631.0	2826	1767	3001	3000	2999	2219	2218
701.0	631.0	2927	2926	2925	1480	1479	2929	2928
701.0	631.0	1097	1096	2988	2987	2986	2985	2984
701.0	631.0	2802	2801	2800	2799	2798	2797	2976
704.0	634.0	2351	2350	2349	1727	1726	1725	2352
713.0	643.0	461	460	459	458	457	456	462
715.0	645.0	2898	2897	1879	2895	953	952	1613
716.0	646.0	1501	1500	1499	1498	1497	1503	1502
716.0	646.0	1792	1791	1790	1789	1788	1794	1793
721.0	651.0	473	472	783	1347	1346	1345	1344
725.0	655.0	1137	1136	1135	1134	1133	1132	1294
726.0	656.0	2877	2876	2875	2874	2873	2872	1972
728.0	658.0	308	307	2186	2185	2184	2183	2182
728.0	658.0	976	975	3078	3077	979	978	977
731.0	661.0	598	2067	2066	3024	3023	3022	599
732.0	662.0	441	440	439	438	1001	443	442
733.0	663.0	2472	2471	2470	648	1844	2758	2473
734.0	664.0	3202	1537	1536	801	800	3204	3203
737.0	667.0	1865	1864	1189	1188	1187	1186	1236
737.0	667.0	533	532	531	530	2177	2176	2175
738.0	668.0	3088	323	322	321	320	319	318
738.0	668.0	2364	359	358	2909	2908	123	2365
759.0	689.0	1431	1430	1429	1428	2476	24	23
741.0	671.0	250	249	1083	1082	1732	3076	3075
746.0	676.0	709	797	796	795	794	2374	2373
776.0	706.0	1195	688	687	686	1565	1564	1563
757.0	687.0	2232	2231	2230	2229	2228	2234	2233
758.0	688.0	1632	1631	1630	1629	527	526	2000
761.0	691.0	1750	1749	2989	852	851	850	2990
762.0	692.0	1737	3011	3010	3009	3008	3007	1638
762.0	692.0	1683	194	193	1341	64	63	62
765.0	695.0	3038	3037	3036	1965	2040	2039	2038
765.0	695.0	2427	2541	2540	2539	2538	2537	3012
766.0	696.0	1201	1200	1166	2122	1523	1522	1167
767.0	697.0	1290	1289	1196	112	111	110	109
768.0	698.0	2762	2761	2477	1178	1230	1229	2763
768.0	698.0	1362	1361	1360	1359	1358	1357	1961
768.0	698.0	1801	1800	1799	1798	1804	1803	1802
769.0	699.0	2563	2562	2561	2560	1768	2565	2564
771.0	701.0	2385	2384	2383	2389	2388	2387	2386
771.0	701.0	641	640	639	3129	3128	3127	642
771.0	701.0	2431	2430	2429	2917	2434	2433	2432
772.0	702.0	3059	1922	2784	1335	1334	1333	3060
772.0	702.0	1516	1515	117	116	115	114	113
773.0	703.0	3093	3092	3091	3090	333	332	331
776.0	706.0	2129	2128	125	124	2909	2908	1931
776.0	706.0	619	2957	1462	694	693	692	691
777.0	707.0	1826	1036	1035	180	179	178	356
778.0	708.0	1482	1481	2710	2709	2708	2707	2706
778.0	708.0	737	736	742	741	740	739	644
781.0	711.0	289	288	287	3103	2508	42	290
781.0	711.0	2037	2036	2035	3145	3144	2494	2493
781.0	711.0	3070	3069	3068	3067	3066	3065	3071
783.0	713.0	2116	2115	2114	3212	3211	2118	2117
784.0	714.0	209	208	647	646	1150	130	129
784.0	714.0	2304	2303	126	1527	75	2306	2305
787.0	717.0	2724	396	395	2728	2727	2726	2725
787.0	717.0	2113	2112	2111	279	1599	1598	1597
787.0	717.0	1373	1372	848	847	846	1375	810
788.0	718.0	202	1305	3196	3195	3194	3193	3192
788.0	718.0	1298	1297	2531	2530	2529	2528	2527
789.0	719.0	1930	1929	2357	2910	2909	2908	1931
790.0	720.0	2074	2073	1434	1433	1432	1894	1893
431.0	371.0	1782	1781	1780	780	1040	1039
491.0	431.0	2625	2624	3125	3124	3123	3122
492.0	432.0	3064	3063	826	1248	1247	1246
522.0	462.0	2997	2996	2220	1384	173	172
522.0	462.0	1261	1260	1259	844	843	171
530.0	470.0	2792	2791	2790	2789	54	1249
536.0	476.0	342	341	1020	1019	3221	1818
522.0	462.0	685	1514	1513	1512	1567	1566
552.0	492.0	1381	1380	1379	1378	1762	1761
552.0	492.0	1257	1256	1255	1254	1253	1258
545.0	485.0	3177	3176	3175	3174	3173	3178
563.0	503.0	2722	2721	2720	2719	2718	2723
585.0	525.0	888	887	886	579	1822	1821
569.0	509.0	1593	1592	1591	1590	1589	1594
591.0	531.0	2296	2295	2249	2248	2247	2246
592.0	532.0	1029	1028	960	959	958	348
598.0	538.0	1551	1550	1549	1964	1553	1552
633.0	573.0	604	603	602	601	600	605
625.0	565.0	2259	3081	3080	3079	2261	2260
628.0	568.0	1560	1288	1287	1286	2659	1329
630.0	570.0	1175	1174	1955	1954	261	1224
641.0	581.0	2967	2966	2907	2906	2969	2968
646.0	586.0	2777	2270	2269	1181	1180	1179
647.0	587.0	759	1069	763	762	761	760
652.0	592.0	2371	2370	2369	2368	2367	3187
657.0	597.0	90	89	2658	93	92	91
657.0	597.0	2244	2243	2299	2298	2297	2245
663.0	603.0	1851	1850	1849	1848	1847	1055
664.0	604.0	2463	2462	2461	2460	2459	3113
671.0	611.0	1981	1980	1979	1242	1293	1292
693.0	633.0	1778	2841	1073	2905	1987	1986
677.0	617.0	2632	2631	738	643	418	417
684.0	624.0	2492	2491	3042	3041	3040	3039
687.0	627.0	719	1194	1193	1192	1191	1190
696.0	636.0	2520	2519	2518	2517	2516	2521
706.0	646.0	1967	1966	2279	2278	2277	1968
708.0	648.0	944	943	942	2663	2662	41
735.0	675.0	2729	946	945	2346	2345	2344
719.0	659.0	806	805	804	803	802	2156
719.0	659.0	699	698	1408	635	1634	1633
719.0	659.0	478	477	476	475	474	479
720.0	660.0	1760	822	821	820	819	818
720.0	660.0	1312	2164	2163	2162	1314	1313
727.0	667.0	1171	1087	1086	1085	1084	840
729.0	669.0	2173	2172	2171	2170	534	2174
730.0	670.0	2210	2209	567	566	2080	2079
732.0	672.0	1808	1807	1806	1805	28	27
733.0	673.0	1223	1222	792	791	790	842
733.0	673.0	1628	4	3	2	529	528
735.0	675.0	2225	947	394	393	2227	2226
737.0	677.0	207	206	205	3021	211	210
739.0	679.0	484	483	482	481	480	485
740.0	680.0	2524	2523	2522	964	2526	2525
762.0	702.0	2552	2120	455	454	453	2778
744.0	684.0	2849	2848	182	1043	1042	1041
747.0	687.0	1642	422	421	420	419	1427
749.0	689.0	798	713	712	711	710	799
750.0	690.0	969	302	301	300	299	1941
751.0	691.0	2548	1705	1704	1703	1702	2549
753.0	693.0	2475	2474	2543	2542	2263	2262
754.0	694.0	787	786	785	784	789	788
758.0	698.0	974	306	734	536	535	3079
761.0	701.0	894	893	892	891	890	895
763.0	703.0	1562	1561	2343	2342	1241	1240
763.0	703.0	583	582	581	580	2058	533
763.0	703.0	2847	2302	2301	2300	1834	2911
763.0	703.0	1884	1883	704	703	702	701
766.0	706.0	2832	2831	2412	2415	2414	2945
766.0	706.0	2043	1235	1234	2824	2823	1013
767.0	707.0	286	1120	1119	1118	1117	3104
767.0	707.0	590	589	588	587	592	591
769.0	709.0	3101	3216	3215	3214	3213	3102
771.0	711.0	1841	1045	1044	371	370	369
772.0	712.0	2554	2553	2552	285	284	283
772.0	712.0	2855	1946	1945	1944	2857	2856
773.0	713.0	1411	1410	1409	1797	1796	1795
776.0	716.0	175	359	358	357	177	176
777.0	717.0	2936	2935	2934	2933	2938	2937
779.0	719.0	2019	2018	2017	2016	1746	2859
285.0	235.0	2267	2266	2265	2264	2268
427.0	377.0	2340	2339	2338	3100	2341
438.0	388.0	994	993	992	996	995
438.0	388.0	2422	2421	2420	2424	2423
441.0	391.0	1091	1090	1089	1088	2803
494.0	444.0	954	3055	1670	956	955
499.0	449.0	1609	771	770	769	768
503.0	453.0	1771	1770	1570	1569	1568
511.0	461.0	46	45	44	43	1243
515.0	465.0	2904	2903	2902	1674	1673
529.0	479.0	1667	1666	1665	1669	1668
532.0	482.0	2285	2284	2283	1914	1913
533.0	483.0	2734	2733	2732	2731	2735
567.0	517.0	2591	2590	1745	1744	1743
585.0	535.0	3075	3074	3073	3072	3076
601.0	551.0	2456	2455	2454	2453	2457
633.0	583.0	1573	1572	1571	1575	1574
614.0	564.0	158	157	1026	160	159
620.0	570.0	1618	1617	1621	1620	1619
630.0	580.0	2661	2660	2659	1122	1121
644.0	594.0	414	1836	1835	735	1353
658.0	608.0	1672	2670	50	2287	2286
664.0	614.0	340	339	1331	1022	1021
664.0	614.0	2044	765	764	1068	1067
683.0	633.0	1398	1397	1396	963	962
689.0	639.0	275	274	273	272	276
689.0	639.0	730	537	733	732	731
698.0	648.0	2757	1846	1845	128	2544
699.0	649.0	881	885	884	883	882
700.0	650.0	2316	2315	2314	2318	2317
701.0	651.0	336	335	1714	338	337
708.0	658.0	2163	2162	1112	1111	2604
709.0	659.0	122	121	120	119	1823
711.0	661.0	1921	49	2671	1721	1922
712.0	662.0	314	313	2924	2923	2922
714.0	664.0	489	488	487	486	490
715.0	665.0	881	880	1394	1393	1392
720.0	670.0	2119	452	2041	2781	1909
720.0	670.0	752	751	2326	754	753
723.0	673.0	502	2211	1867	1866	2042
723.0	673.0	199	198	197	196	1304
729.0	679.0	539	538	2059	2100	540
729.0	679.0	2744	2743	2742	2746	2745
733.0	683.0	654	656	655	2551	2550
736.0	686.0	2665	951	950	3054	2899
737.0	687.0	136	135	2776	138	137
737.0	687.0	372	925	924	2446	2445
738.0	688.0	1310	1309	2812	2811	1311
740.0	690.0	968	967	966	965	181
741.0	691.0	2825	1233	2998	1383	818
762.0	712.0	2049	2510	2121	2051	2050
744.0	694.0	1699	1698	1842	1701	1700
745.0	695.0	832	1207	1206	1205	1250
746.0	696.0	1843	1697	127	2760	2759
746.0	696.0	2240	2239	3112	2242	2241
748.0	698.0	1918	1917	2901	2900	1919
749.0	699.0	168	2256	2979	2978	2977
759.0	709.0	3105	2783	3108	3107	3106
766.0	716.0	3217	2337	2336	3219	3218
194.0	154.0	2959	2958	618	2960
194.0	154.0	777	776	775	778
287.0	247.0	2573	2572	2606	2574
322.0	282.0	830	56	55	831
310.0	270.0	889	1820	1819	578
377.0	337.0	1125	1817	1164	1126
400.0	360.0	816	815	1382	817
384.0	344.0	2567	2566	2830	2568
394.0	354.0	1772	1775	1774	1773
400.0	360.0	1141	1140	1139	1142
481.0	441.0	291	949	293	292
490.0	450.0	1695	1694	1693	1696
503.0	463.0	1225	1224	841	1226
514.0	474.0	3171	3170	3169	697
538.0	498.0	723	722	469	2096
528.0	488.0	1811	1810	1809	1812
556.0	516.0	2667	2666	2669	2668
537.0	497.0	464	463	466	465
567.0	527.0	2752	979	978	2921
576.0	536.0	35	34	3156	3155
584.0	544.0	257	2596	3191	3190
615.0	575.0	3058	3057	3056	1923
603.0	563.0	564	563	562	565
634.0	594.0	645	2703	2702	2701
658.0	618.0	2749	2748	2747	1149
639.0	599.0	305	1356	1355	1354
667.0	627.0	1403	1402	1405	1404
668.0	628.0	1627	724	1143	5
671.0	631.0	863	862	2871	2452
672.0	632.0	3162	1718	1717	2347
677.0	637.0	2510	2509	1070	2511
685.0	645.0	715	714	717	716
687.0	647.0	2467	411	2916	2915
690.0	650.0	2697	2700	2699	2698
712.0	672.0	1377	1376	2995	2994
695.0	655.0	523	2167	2166	2056
697.0	657.0	167	304	303	416
699.0	659.0	1557	1556	1559	1558
720.0	680.0	1400	1399	961	525
704.0	664.0	397	400	399	398
704.0	664.0	1455	1881	407	1456
713.0	673.0	941	1713	1716	1715
750.0	710.0	2993	1759	1758	1757
731.0	691.0	2055	2054	1401	524
732.0	692.0	2046	2045	2048	2047
732.0	692.0	2108	2107	2110	2109
732.0	692.0	1147	2057	2750	1148
733.0	693.0	3142	3141	3140	3143
739.0	699.0	781	1779	2290	782
742.0	702.0	2273	2713	2712	2274
751.0	711.0	2282	141	140	1163
758.0	718.0	2576	2575	2578	2577
159.0	129.0	2839	2838	2840
190.0	160.0	1525	1524	1170
237.0	207.0	2805	2804	2806
237.0	207.0	824	823	2786
241.0	211.0	834	833	835
252.0	222.0	2602	2601	2603
265.0	235.0	1585	1584	1586
273.0	243.0	576	2837	577
281.0	251.0	402	401	403
324.0	294.0	1124	1123	3222
311.0	281.0	1053	1052	1054
318.0	288.0	363	362	364
329.0	299.0	2858	2860	2859
331.0	301.0	2947	2946	2948
342.0	312.0	1024	1023	3165
362.0	332.0	344	343	345
367.0	337.0	2930	139	2931
393.0	363.0	2775	2774	2932
405.0	375.0	296	295	297
410.0	380.0	2237	2236	2238
431.0	401.0	408	410	409
431.0	401.0	721	720	468
437.0	407.0	3166	3168	3167
463.0	433.0	1389	1391	1390
458.0	428.0	1521	2607	1168
476.0	446.0	3053	48	2900
488.0	458.0	2123	1165	1675
492.0	462.0	3115	3114	3116
501.0	471.0	316	315	317
512.0	482.0	1336	2053	1337
515.0	485.0	1176	2187	1177
528.0	498.0	163	779	164
538.0	508.0	3030	3029	3031
538.0	508.0	2060	3126	2061
541.0	511.0	2418	2417	2419
590.0	560.0	1922	2235	957
623.0	593.0	1477	1476	1478
635.0	605.0	1816	1815	3220
647.0	617.0	3110	3109	294
651.0	621.0	66	65	2469
681.0	651.0	1886	1888	1887
688.0	658.0	2711	1159	1158
692.0	662.0	1151	2106	1152
693.0	663.0	2821	2820	2822
699.0	669.0	1814	1813	1162
699.0	669.0	1156	1155	1157
699.0	669.0	2102	2101	2103
699.0	669.0	2098	2097	2099
740.0	710.0	2168	522	2169
144.0	124.0	1197	1198
152.0	132.0	3002	3003
152.0	132.0	1265	1266
152.0	132.0	1092	1093
152.0	132.0	1208	1209
152.0	132.0	2785	1199
152.0	132.0	51	52
139.0	119.0	2288	2289
163.0	143.0	1137	1138
170.0	150.0	2448	2449
170.0	150.0	2136	2137
183.0	163.0	1027	1722
186.0	166.0	2514	2515
202.0	182.0	2835	2836
212.0	192.0	1920	1719
213.0	193.0	1517	1518
235.0	215.0	1776	1777
257.0	237.0	2094	2095
264.0	244.0	3005	3006
275.0	255.0	1720	1671
294.0	274.0	2287	3223
307.0	287.0	161	162
321.0	301.0	1554	1555
327.0	307.0	1395	2416
330.0	310.0	574	575
330.0	310.0	1160	1161
351.0	331.0	2570	2513
355.0	335.0	2512	2052
362.0	342.0	1587	1588
362.0	342.0	470	471
364.0	344.0	1169	1526
425.0	405.0	772	773
409.0	389.0	1231	1232
491.0	471.0	2062	2068
526.0	506.0	467	298
595.0	575.0	2835	174
687.0	667.0	1245	246
692.0	672.0	3004	2949
699.0	679.0	1615	1616
699.0	679.0	2782	1614
692.0	672.0	1652	1653
730.0	710.0	1295	1296
737.0	717.0	1654	1655
797.0	707.0	2584	2583	2680	2679	2678	2615	2580	2579	2585
725.0	655.0	1900	1899	1898	1272	1271	1895	1448
787.0	697.0	934	933	932	1002	1001	1000	999	998	33
539.0	479.0	2123	1618	1617	1340	2125	1338
769.0	689.0	1454	1880	2896	1509	684	683	767	766
786.0	696.0	1680	1679	1678	1677	1676	195	1996	1995	1994
663.0	593.0	1868	1874	1873	1872	1871	1870	1869
723.0	663.0	2028	2027	926	1709	1708	2029
759.0	679.0	1892	1891	1371	1370	1369	1368	2817	1962
580.0	500.0	2355	2354	1578	1577	1576	2612	2611	2356
637.0	567.0	1282	1906	1905	1971	1970	1114	1064
810.0	700.0	1612	1611	1610	682	681	680	679	678	677	1606	2664
759.0	689.0	2197	2196	2195	2816	1105	652	437
772.0	692.0	1307	1306	1963	2816	2815	2814	2813	1308
767.0	687.0	1933	1932	2965	2964	192	191	190	727
835.0	715.0	1742	1741	2011	2010	2589	2588	2587	2586	2376	2375	2593	2592
782.0	702.0	873	872	871	1239	1238	1237	1065	874
747.0	647.0	930	277	390	2451	1007	1006	1005	1004	1003	1275
756.0	676.0	2087	2086	1608	1607	676	675	2089	2088
769.0	699.0	1284	1184	1183	1182	1287	1286	1285
777.0	697.0	2312	2311	2310	2309	1220	912	911	2313
792.0	692.0	2479	429	1960	1959	1958	1957	1956	134	2481	2480
803.0	713.0	2206	1904	1903	2275	500	499	498	2208	2207
779.0	709.0	2129	632	631	630	629	628	2130
838.0	718.0	1217	1216	1215	1214	2595	2594	793	1221	2308	2307	1219	1218
815.0	715.0	2963	3172	696	1471	1733	1469	1468	1467	1466	1465
722.0	672.0	87	1706	2547	2546	88
808.0	688.0	1897	1896	1441	1319	1318	1317	1316	1315	658	657	2161	2160
817.0	707.0	2134	2133	2132	2131	2616	2677	2676	1730	2674	2673	2135
796.0	706.0	1658	1657	1656	877	876	151	1661	1660	1659
814.0	714.0	2894	2893	2892	2891	2410	2409	2408	2407	879	878

Costs
MyIndex
