Costs	Duration	Task_1	Task_2	Task_3	Task_4	Task_5	Task_6	Task_7	Task_8	Task_9	Task_10	Task_11	Task_12	Task_13
106.0	96.0	1449
116.0	106.0	1352
87.0	77.0	292
98.0	88.0	1
37.0	27.0	543
84.0	74.0	3071
86.0	76.0	2061
129.0	119.0	2215
56.0	46.0	291
84.0	74.0	910
34.0	24.0	3004
204.0	194.0	2216
28.0	18.0	1504
55.0	45.0	1546
50.0	40.0	2270
798.0	668.0	654	653	1280	1279	1278	1277	1276	1275	1274	1273	657	656	655
836.0	706.0	1219	1218	1217	1216	1215	1214	1213	1212	1211	1223	1222	1221	1220
806.0	686.0	2258	2257	881	880	879	878	1534	1533	821	820	309	308
816.0	696.0	432	431	430	429	435	2903	2902	2243	2242	2241	434	433
666.0	556.0	2399	2398	2397	2396	2395	2394	2393	2392	233	232	231
711.0	601.0	2584	2583	1418	1417	1416	1415	1414	1413	1412	2492	2491
765.0	655.0	307	1224	723	722	721	720	719	718	348	347	2259
777.0	667.0	2719	2718	2717	2716	2715	2714	2713	2034	2722	2721	2720
782.0	672.0	1768	1767	1766	1765	1764	2227	2226	2225	2224	2223	2222
786.0	676.0	2646	2645	2644	2643	2642	1426	1425	1424	542	541	540
793.0	683.0	2281	2880	3047	2753	1655	1654	1653	2285	2284	2283	2282
794.0	684.0	1876	1875	804	803	802	801	1606	1605	1604	1603	1602
828.0	718.0	468	467	2011	2010	2009	2008	2007	2006	2005	470	469
829.0	719.0	1485	1484	1483	1482	1481	1051	1050	1049	1048	1047	1046
745.0	645.0	2614	2613	2612	2611	2610	2056	2055	2054	2616	2615
745.0	645.0	2648	2647	1528	1527	2131	2130	2652	2651	2650	2649
756.0	656.0	48	47	46	45	44	43	42	458	457	2148
781.0	681.0	1149	1148	1147	1146	303	1094	1093	1092	1151	1150
781.0	681.0	3010	179	178	177	176	175	1185	1184	1183	1182
784.0	684.0	1771	1770	2688	2687	2686	794	577	576	575	574
789.0	689.0	1895	826	825	2053	2052	2051	2050	1900	1899	1898
790.0	690.0	2179	2178	2177	2176	201	200	199	198	197	196
792.0	692.0	1493	1492	1491	1490	1489	1488	1487	1486	2089	1494
795.0	695.0	819	1165	1164	1740	1739	1738	1746	1745	1744	1743
795.0	695.0	761	760	759	758	757	756	755	754	753	762
797.0	697.0	1189	1188	1187	1186	1185	1184	1183	1182	1191	1190
802.0	702.0	1979	1978	1977	1976	1975	1984	1983	1982	1981	1980
802.0	702.0	8	7	2482	2481	2480	1322	1321	1320	1319	1318
806.0	706.0	91	90	89	88	87	86	95	94	93	92
807.0	707.0	1689	1688	1799	1798	999	998	997	996	1691	1690
807.0	707.0	3051	2239	2238	2237	749	748	747	3054	3053	3052
809.0	709.0	3069	3068	3067	3066	3065	3064	3063	3062	3061	3070
816.0	716.0	311	310	309	308	3078	3077	3076	3075	2558	2557
816.0	716.0	1890	2560	2559	888	2144	2143	1284	1283	1282	1281
818.0	718.0	510	509	508	507	506	505	504	513	512	511
819.0	719.0	3024	3023	3022	1562	1084	1093	1092	1091	1090	3025
629.0	539.0	1207	1206	1205	1204	1203	1202	1210	1209	1208
662.0	572.0	2291	78	77	76	75	1140	3056	3055	746
684.0	594.0	450	449	448	447	446	445	453	452	451
700.0	610.0	2810	2809	691	690	689	688	2813	2812	2811
716.0	626.0	1451	1450	1513	1512	2275	2274	2273	2272	1452
744.0	654.0	2360	702	701	700	699	698	697	696	539
747.0	657.0	1478	1477	1476	1475	1474	1473	1472	1480	1479
748.0	658.0	1312	1311	1310	1309	1308	1307	626	631	630
751.0	661.0	187	186	185	184	183	182	181	180	1526
773.0	683.0	561	668	667	666	665	1578	1580	1579	1392
753.0	663.0	2911	1001	1000	1436	1435	1434	386	995	994
763.0	673.0	1195	1194	1193	1192	752	751	750	2236	2235
769.0	679.0	2254	2253	2252	2251	884	883	882	2256	2255
769.0	679.0	1303	2690	2689	2011	2010	2009	1306	1305	1304
770.0	680.0	2455	2454	2453	2452	2451	2450	2876	847	6
777.0	687.0	388	396	395	394	393	2777	391	390	389
779.0	689.0	1163	1162	1161	1160	1159	1158	1157	1742	1741
783.0	693.0	649	648	2042	2192	2191	2190	2189	2188	2187
785.0	695.0	170	169	849	848	2632	2631	1073	3012	3011
788.0	698.0	1936	1935	1934	1933	1932	1931	493	492	497
788.0	698.0	1686	1685	1684	1683	2912	993	992	991	2972
791.0	701.0	2778	2837	2785	2784	2783	2782	2781	2780	2779
791.0	701.0	2357	2356	1034	1033	1032	1466	1465	2359	2358
791.0	701.0	2897	2896	2710	2709	2708	2707	2706	2705	2704
791.0	701.0	2023	2022	2021	1139	1138	1137	380	379	2893
796.0	706.0	831	830	829	828	827	835	834	833	832
797.0	707.0	3086	3085	3084	1119	400	399	398	397	290
797.0	707.0	532	531	530	538	537	536	535	534	533
798.0	708.0	26	25	1735	1734	1733	1471	437	28	27
801.0	711.0	2410	2409	2582	2581	242	241	2413	2412	2411
805.0	715.0	16	15	1665	2891	2890	2889	2888	2887	17
808.0	718.0	2980	2979	2978	2977	2976	2975	2974	2973	1052
808.0	718.0	2661	304	2321	2320	2319	2318	2664	2663	2662
808.0	718.0	2129	773	772	771	770	875	874	873	872
810.0	720.0	1343	1342	2266	2265	2264	2263	1339	1499	217
810.0	720.0	609	608	616	615	614	613	612	611	610
810.0	720.0	297	296	1674	1673	1672	1671	1670	2301	2300
810.0	720.0	3015	3014	3013	1557	1556	2351	2350	2349	2633
571.0	491.0	1401	1820	1819	1818	1817	1816	1403	1402
603.0	523.0	269	268	275	274	273	272	271	270
613.0	533.0	2020	2019	2018	2017	2016	2015	2014	1140
619.0	539.0	644	643	642	641	640	647	646	645
644.0	564.0	1260	1259	1258	1265	1264	1263	1262	1261
648.0	568.0	597	596	595	594	601	600	599	598
660.0	580.0	2059	2058	2057	2609	2608	2607	2606	2060
695.0	615.0	2764	2763	2762	2761	2760	2759	1038	2765
698.0	618.0	1358	2753	1316	1315	1314	973	629	1359
703.0	623.0	787	786	841	840	54	838	837	788
704.0	624.0	64	63	62	61	2522	2521	2520	2519
708.0	628.0	2337	2336	2857	909	908	907	906	905
709.0	629.0	823	822	2669	2668	2667	2666	2665	824
711.0	631.0	2570	2569	2568	2567	223	222	221	2571
712.0	632.0	1116	550	549	548	52	51	1118	1117
737.0	657.0	2422	2421	1677	1676	1675	2821	2820	2366
723.0	643.0	2986	2985	2984	2983	2982	2981	2988	2987
723.0	643.0	817	816	815	814	813	812	1166	818
729.0	649.0	2133	2132	2139	2138	2137	2136	2135	2134
742.0	662.0	1629	1628	1627	1626	1625	1624	1631	1630
750.0	670.0	2026	2025	2024	377	376	862	861	2027
755.0	675.0	1571	1570	1569	1568	1575	1574	1573	1572
756.0	676.0	1448	1753	1013	323	1752	327	326	325
756.0	676.0	930	929	928	1470	1469	1468	1467	931
757.0	677.0	1362	2945	1368	1367	1366	1365	1364	1363
759.0	679.0	317	316	315	314	313	312	730	318
759.0	679.0	2825	2824	2823	2822	2968	2967	2966	2965
759.0	679.0	2518	2517	2516	2515	2514	2513	66	65
761.0	681.0	1111	1110	1109	1108	1115	1114	1113	1112
762.0	682.0	1120	3087	1126	1125	1124	1123	1122	1121
763.0	683.0	1925	2758	2958	2957	2956	2955	593	592
766.0	686.0	705	704	703	867	866	2545	2544	706
768.0	688.0	2591	2590	2589	1601	1600	2756	2593	2592
769.0	689.0	556	555	286	285	284	1496	1495	1852
769.0	689.0	2290	2289	2288	2287	985	984	1599	1598
770.0	690.0	1067	1066	2108	2625	1065	3009	3008	3007
771.0	691.0	916	915	914	3006	3005	919	918	917
772.0	692.0	560	2155	3038	669	668	667	2104	2103
774.0	694.0	2674	2673	2672	2671	2670	2677	2676	2675
774.0	694.0	1336	1335	1334	503	502	501	500	1337
795.0	715.0	2150	2149	456	455	454	2332	2331	2330
776.0	696.0	685	684	2070	2816	2815	2814	687	686
777.0	697.0	139	138	137	85	2586	2585	2490	2489
778.0	698.0	2049	2048	1986	1985	1170	1169	1168	1167
778.0	698.0	942	941	1381	37	36	2142	2141	2140
778.0	698.0	1716	1715	1714	1713	1712	174	1718	1717
780.0	700.0	368	367	366	365	364	371	370	369
781.0	701.0	554	553	552	551	550	549	548	287
782.0	702.0	3001	3000	2102	2101	3036	2439	3003	3002
782.0	702.0	2580	140	1371	1370	476	475	474	2581
783.0	703.0	289	288	124	2385	2384	2383	2382	2381
784.0	704.0	2772	2771	1218	1217	2770	2045	2044	2043
784.0	704.0	2308	2307	2306	2305	869	868	2424	2423
785.0	705.0	1920	1919	1727	531	530	1923	1922	1921
785.0	705.0	1952	1951	1661	1660	1659	1658	1657	1656
786.0	706.0	2587	84	83	82	81	80	79	2588
787.0	707.0	1883	1882	99	98	97	96	2769	1884
788.0	708.0	2621	2861	2860	2859	2858	2335	2334	2333
788.0	708.0	1679	2916	2915	2914	2913	1682	1681	1680
788.0	708.0	1029	1028	1027	248	247	246	1031	2175
790.0	710.0	2363	2362	2361	1100	1099	1098	1097	1096
790.0	710.0	243	1083	1082	1081	1420	1419	245	244
790.0	710.0	2683	2749	1302	1301	1584	1299	2685	2684
793.0	713.0	2466	2465	2464	2471	2470	2469	2468	2467
794.0	714.0	2829	2828	2827	2826	2833	2832	2831	2830
798.0	718.0	2418	2417	2416	2240	871	870	2304	2303
800.0	720.0	728	727	726	725	724	2091	2260	729
800.0	720.0	2661	1040	1039	1538	1537	604	603	2662
800.0	720.0	2658	2657	2656	2655	2654	2653	2042	2041
800.0	720.0	1775	1774	2403	795	1779	1778	1777	1776
800.0	720.0	71	70	69	68	67	74	73	72
401.0	331.0	2877	2449	2448	2447	2751	2750	2878
522.0	452.0	2432	2431	2430	2429	495	2434	2433
556.0	486.0	2082	2081	264	263	262	261	2083
568.0	498.0	2549	2548	715	714	713	712	711
601.0	531.0	2923	2922	2921	2920	2919	2918	2924
642.0	572.0	2038	103	102	101	100	2040	2039
650.0	580.0	1106	1105	1104	1103	1102	1101	1107
651.0	581.0	443	442	441	440	439	438	444
654.0	584.0	864	863	1525	1524	1523	1522	865
655.0	585.0	2844	2843	2842	277	276	2846	2845
676.0	606.0	2802	1244	1243	1242	1241	1240	1239
669.0	599.0	932	2958	2957	2757	935	934	933
674.0	604.0	2994	2993	2992	2991	2990	2989	2995
679.0	609.0	1897	1896	1895	1894	1893	355	354
679.0	609.0	1145	1144	1143	1142	1141	1966	1965
683.0	613.0	1961	1960	1959	1462	1964	1963	1962
684.0	614.0	337	336	2526	2525	524	523	522
693.0	623.0	1288	1287	1286	1285	660	1290	1289
695.0	625.0	1911	1910	1909	1908	1914	1913	1912
697.0	627.0	2094	2093	2092	2096	2266	1696	2095
698.0	628.0	33	32	31	30	29	35	34
698.0	628.0	1181	1180	1179	1178	2754	2880	2879
701.0	631.0	2789	1061	1060	1059	1058	2330	2329
701.0	631.0	352	1747	1005	1441	1801	1800	353
704.0	634.0	2903	2902	2901	2900	2899	2898	2904
715.0	645.0	1271	1270	1269	1268	1267	1266	1272
716.0	646.0	2232	2231	2230	2229	2228	2234	2233
720.0	650.0	168	167	1246	1245	166	165	850
720.0	650.0	2872	2871	2870	2869	2875	2874	2873
721.0	651.0	606	605	604	603	602	2321	346
721.0	651.0	378	984	983	982	1201	1200	1199
742.0	672.0	2153	2152	1994	2511	2510	219	218
723.0	653.0	12	11	10	1198	1197	14	13
725.0	655.0	675	674	673	672	671	3040	676
748.0	678.0	216	215	1993	1992	1991	1498	1497
731.0	661.0	1008	1007	1802	1806	1011	1010	1009
731.0	661.0	626	2286	1652	1651	1650	628	627
735.0	665.0	2694	2693	2692	2691	1594	1593	1592
736.0	666.0	2365	2364	2420	2419	2180	2310	2309
738.0	668.0	2768	2767	2543	2542	2541	2594	707
739.0	669.0	740	1958	745	744	743	742	741
743.0	673.0	383	990	989	988	987	986	3060
743.0	673.0	4	3	2	2524	2523	573	572
747.0	677.0	1720	584	1725	1724	1723	1722	1721
750.0	680.0	281	280	279	1990	2322	283	282
755.0	685.0	1349	1348	1347	1346	1345	1344	1350
755.0	685.0	1036	1974	1973	1972	1971	2766	1037
757.0	687.0	1043	1042	1041	2660	2659	1045	1044
758.0	688.0	499	2090	2788	2326	2325	784	783
758.0	688.0	40	39	38	2088	2087	2086	41
758.0	688.0	1328	1327	1326	1325	1324	1323	1329
759.0	689.0	3069	3068	1153	1152	300	299	385
759.0	689.0	578	1726	583	582	581	580	579
761.0	691.0	1793	1792	1791	1797	2971	2970	1433
762.0	692.0	226	225	224	1401	1400	1757	227
764.0	694.0	659	658	732	731	214	213	1291
785.0	715.0	1918	1917	1781	1780	1730	1729	1728
765.0	695.0	2951	2950	2949	1461	2954	2953	2952
766.0	696.0	1561	1423	1422	2640	1564	1563	1085
766.0	696.0	2218	1709	356	2868	2867	2220	2219
787.0	717.0	1864	1863	1862	2440	1756	1906	1905
768.0	698.0	1432	1431	1430	1532	1531	2970	2969
769.0	699.0	1372	1371	2533	2532	2531	2530	1373
771.0	701.0	2315	2314	2313	2312	2917	2317	2316
771.0	701.0	2294	2293	2292	1785	1784	1783	2173
771.0	701.0	2700	2699	2698	2697	2703	2702	2701
773.0	703.0	1257	1256	1255	1254	1253	24	23
773.0	703.0	632	2114	2113	856	855	1521	975
774.0	704.0	115	114	345	2836	2835	117	116
775.0	705.0	21	20	193	192	191	190	22
776.0	706.0	1616	1615	207	1384	1383	1693	1692
776.0	706.0	620	2001	625	624	623	622	621
778.0	708.0	1024	1023	1783	2173	2172	2171	1782
778.0	708.0	239	238	237	236	235	234	240
779.0	709.0	1629	1702	1701	1394	1393	1392	1391
780.0	710.0	2400	230	229	228	2013	2012	2401
781.0	711.0	254	253	252	251	250	249	255
784.0	714.0	2931	2930	2929	2561	512	2151	734
785.0	715.0	375	374	373	372	3059	3058	3057
786.0	716.0	2445	2444	2443	2442	2441	2752	2446
788.0	718.0	663	662	661	2620	2619	2618	2617
790.0	720.0	1600	2756	485	484	591	590	589
452.0	392.0	1731	260	259	258	1733	1732
491.0	431.0	2415	2414	2247	2246	2245	2244
482.0	422.0	2641	1089	1088	1087	1086	2128
522.0	462.0	2119	2118	2117	2638	2121	2120
522.0	462.0	2627	2110	2109	2345	2344	2343
525.0	465.0	733	559	558	557	2933	2932
530.0	470.0	1070	846	845	844	1072	2112
559.0	499.0	163	162	161	160	159	164
545.0	485.0	769	768	767	766	765	876
552.0	492.0	1054	1053	1176	1175	1056	1055
582.0	522.0	2127	2126	2125	1429	1428	1427
590.0	530.0	2342	1132	2346	2630	2629	2628
575.0	515.0	970	969	1645	1644	1643	971
585.0	525.0	1814	1813	1812	1811	1810	1815
600.0	540.0	2182	2181	2186	2185	2184	2183
614.0	554.0	1949	1948	1947	1946	1945	1950
623.0	563.0	401	50	49	2147	2146	618
625.0	565.0	423	422	421	420	419	424
627.0	567.0	1410	1409	1408	128	127	1411
635.0	575.0	2206	2205	2210	2209	2208	2207
656.0	596.0	2997	2996	2509	3037	2999	2998
643.0	583.0	121	120	119	118	123	122
653.0	593.0	777	2368	2367	780	779	778
664.0	604.0	2408	2407	2406	2405	2404	1369
665.0	605.0	2194	2193	2198	2197	2196	2195
674.0	614.0	775	774	104	2370	2369	776
676.0	616.0	205	204	203	202	2905	206
676.0	616.0	962	961	960	2389	964	963
678.0	618.0	1696	1341	2927	2926	2925	1697
679.0	619.0	1641	1640	1639	1638	1637	2445
683.0	623.0	2928	1340	2262	2261	1851	1850
683.0	623.0	2786	547	546	545	544	2787
685.0	625.0	2794	2793	2792	2791	2790	2795
690.0	630.0	636	635	634	633	974	295
695.0	635.0	1554	852	851	2635	2634	2348
697.0	637.0	2742	2741	2740	1063	1062	157
700.0	640.0	2203	2202	2201	2200	2199	2204
702.0	642.0	489	488	487	486	491	490
703.0	643.0	1883	1882	1881	1880	1885	1884
725.0	665.0	571	570	569	2457	2456	5
708.0	648.0	1837	1842	1841	1840	1839	1838
708.0	648.0	2217	332	1711	1710	1761	1760
710.0	650.0	2604	2603	2602	2601	2600	2605
711.0	651.0	955	414	413	412	411	410
711.0	651.0	806	805	1874	1873	2497	2496
734.0	674.0	2486	2485	2484	1022	2488	2487
717.0	657.0	153	152	151	785	155	154
718.0	658.0	2962	2961	2960	2959	2964	2963
719.0	659.0	2910	2909	2908	2907	2906	650
719.0	659.0	2302	2301	2703	1926	483	482
719.0	659.0	2299	2298	2297	2296	2295	298
742.0	682.0	1226	1225	306	305	1228	1227
722.0	662.0	2035	2712	2711	764	763	1678
742.0	682.0	357	1590	1589	1588	1587	1586
727.0	667.0	1555	1077	1076	2116	2115	2352
727.0	667.0	1457	1456	1646	1460	1459	1458
728.0	668.0	3045	3050	3049	3048	3047	3046
729.0	669.0	518	517	2461	521	520	519
730.0	670.0	2527	335	334	333	2529	2528
732.0	672.0	267	266	265	2080	1613	1612
737.0	677.0	2551	2556	2555	2554	2553	2552
738.0	678.0	924	923	922	921	920	925
762.0	702.0	782	150	894	893	892	1338
762.0	702.0	1530	1529	387	1796	1795	1794
743.0	683.0	947	1229	2328	2327	949	948
744.0	684.0	2731	1804	460	459	2733	2732
765.0	705.0	639	638	384	383	382	381
746.0	686.0	1916	1915	1872	1871	1026	1025
747.0	687.0	132	131	130	129	134	133
748.0	688.0	3081	3080	3079	836	3083	3082
749.0	689.0	823	1232	1231	891	890	824
751.0	691.0	146	1930	1929	1928	1927	147
755.0	695.0	482	481	480	479	478	1330
757.0	697.0	1904	1903	1902	1901	1763	1762
758.0	698.0	2065	2064	2063	1351	1130	1397
764.0	704.0	2028	2033	2032	2031	2030	2029
779.0	719.0	468	467	466	465	796	2402
780.0	720.0	2071	683	682	681	2948	2947
385.0	335.0	792	791	790	789	793
405.0	355.0	588	587	586	585	1924
441.0	391.0	1078	1080	1079	2637	2636
441.0	391.0	2111	1069	1068	2626	1071
461.0	411.0	1941	1940	1939	498	1942
477.0	427.0	1407	1406	1405	1404	1907
515.0	465.0	1636	3042	3041	1238	1237
526.0	476.0	2805	2804	2808	2807	2806
532.0	482.0	1889	2085	2084	2047	2046
533.0	483.0	2681	2680	2679	2678	2682
538.0	488.0	1700	1699	1698	664	2563
563.0	513.0	1617	1616	1615	1614	1618
544.0	494.0	2100	2099	2098	2097	220
585.0	535.0	2942	2941	2940	2939	2943
616.0	566.0	2323	1989	1988	1987	2324
602.0	552.0	2841	2840	1230	499	278
633.0	583.0	1507	1506	1505	1509	1508
614.0	564.0	3089	3088	562	3091	3090
614.0	564.0	1844	1843	1847	1846	1845
625.0	575.0	1622	1621	1620	1619	1623
626.0	576.0	1868	1867	1866	1870	1869
641.0	591.0	1786	1790	1789	1788	1787
646.0	596.0	195	194	19	18	1967
649.0	599.0	1294	1293	2565	2564	156
652.0	602.0	321	2214	2213	2212	2211
654.0	604.0	566	565	564	568	567
658.0	608.0	471	854	2755	473	472
665.0	615.0	526	525	529	528	527
668.0	618.0	1317	1829	1828	2578	2577
671.0	621.0	2562	1854	1853	2512	1390
675.0	625.0	2355	2354	1559	1558	1035
696.0	646.0	1969	1968	143	344	1970
699.0	649.0	2537	2536	2535	2534	1374
703.0	653.0	1865	1759	2390	2804	2803
709.0	659.0	2427	2426	2425	1333	2428
711.0	661.0	1635	1634	1633	1297	1706
712.0	662.0	142	141	1879	1878	1877
713.0	663.0	2374	2373	2372	943	2204
719.0	669.0	1705	1298	2937	2158	1236
722.0	672.0	1860	1859	1858	1857	563
722.0	672.0	494	145	1331	2834	2723
725.0	675.0	351	350	2476	2676	1748
725.0	675.0	2074	2073	2072	2946	338
733.0	683.0	1667	1666	1196	1669	1668
737.0	687.0	2546	1888	1887	1886	2547
737.0	687.0	2458	800	799	798	1249
740.0	690.0	211	210	209	208	212
740.0	690.0	2598	2597	2596	2595	2599
740.0	690.0	1827	1826	1825	1824	2579
741.0	691.0	2639	2122	2124	2123	1421
747.0	697.0	1002	1438	1437	1567	2474
748.0	698.0	1380	1379	349	717	716
753.0	703.0	2376	2375	1939	1938	2377
754.0	704.0	1247	2169	2460	2459	1248
759.0	709.0	709	708	1375	2550	1332
194.0	154.0	2003	2002	619	2004
352.0	312.0	2730	2729	2728	1805
360.0	320.0	1442	1751	1750	1443
372.0	332.0	2174	477	1031	1030
381.0	341.0	1502	1501	1500	1503
412.0	372.0	3018	3017	3016	3019
394.0	354.0	956	959	958	2387
442.0	402.0	1749	1803	1006	1444
450.0	410.0	1809	1808	1754	1755
481.0	441.0	1995	2154	1997	1996
507.0	467.0	3035	2380	2379	2378
513.0	473.0	1632	1856	1855	2744
538.0	498.0	2166	2165	680	2167
527.0	487.0	319	1446	321	320
531.0	491.0	57	60	59	58
542.0	502.0	341	144	343	342
552.0	512.0	1944	1943	2572	2391
568.0	528.0	3031	3030	3029	940
575.0	535.0	693	692	695	694
584.0	544.0	885	2145	887	886
622.0	582.0	1012	324	1447	1807
658.0	618.0	2502	2501	938	2503
662.0	622.0	2437	1292	1849	1848
666.0	626.0	9	2576	927	926
671.0	631.0	1611	1378	1377	1376
678.0	638.0	652	651	1892	1891
681.0	641.0	1542	1541	1544	1543
685.0	645.0	426	425	2886	2885
690.0	650.0	3027	3026	937	936
690.0	650.0	2492	2495	2494	2493
695.0	655.0	2164	2163	2162	2479
704.0	664.0	2062	3093	670	3039
704.0	664.0	2157	2156	1296	1295
705.0	665.0	797	1252	1251	1250
716.0	676.0	2472	2473	149	148
717.0	677.0	1057	2622	1577	1576
719.0	679.0	944	2371	946	945
722.0	682.0	735	464	463	462
736.0	696.0	1703	1389	1388	1704
736.0	696.0	1953	1956	1955	1954
736.0	696.0	1547	1550	1549	1548
740.0	700.0	2077	2076	2463	2078
740.0	700.0	2483	1021	136	135
748.0	708.0	1126	125	1128	1127
751.0	711.0	2505	2504	2438	3034
751.0	711.0	806	532	2462	2079
755.0	715.0	1687	2475	2474	1002
159.0	129.0	2865	2864	2866
237.0	207.0	843	842	2341
241.0	211.0	912	911	913
262.0	232.0	1583	1585	1300
263.0	233.0	957	2386	2388
265.0	235.0	1831	1830	1832
271.0	241.0	1017	1016	1018
273.0	243.0	2800	2799	2801
279.0	249.0	2339	2338	2340
318.0	288.0	496	710	1937
319.0	289.0	418	417	1642
342.0	312.0	2106	2105	2107
386.0	356.0	951	950	1540
366.0	336.0	1155	1154	1156
388.0	358.0	1396	1395	1129
410.0	380.0	2160	2159	2161
426.0	396.0	953	952	954
431.0	401.0	678	677	679
437.0	407.0	2746	2748	2747
463.0	433.0	407	409	408
501.0	471.0	2539	2538	2540
501.0	471.0	1822	1821	1823
512.0	482.0	2066	2000	2067
514.0	484.0	807	809	808
525.0	495.0	329	331	330
538.0	508.0	2249	2248	2250
538.0	508.0	738	2944	739
589.0	559.0	2573	2575	2574
590.0	560.0	2936	2938	1130
623.0	593.0	2477	1019	2478
635.0	605.0	2507	2506	2508
652.0	622.0	2796	2798	2797
681.0	651.0	436	811	810
681.0	651.0	2817	2819	2818
688.0	658.0	2168	2170	2075
692.0	662.0	1833	1835	1834
699.0	669.0	3033	3032	3034
699.0	669.0	2499	2498	2500
729.0	699.0	1385	1387	1386
740.0	710.0	515	514	516
71.0	51.0	3043	3044
152.0	132.0	1439	1440
152.0	132.0	3020	3021
152.0	132.0	2623	2624
156.0	136.0	1003	1004
170.0	150.0	427	428
176.0	156.0	2726	2727
176.0	156.0	2353	1560
183.0	163.0	1861	2745
212.0	192.0	1445	322
200.0	180.0	1581	1582
205.0	185.0	1133	293
212.0	192.0	2743	158
213.0	193.0	415	416
221.0	201.0	2934	2935
225.0	205.0	2068	2069
235.0	215.0	1707	1708
294.0	274.0	2937	1131
307.0	287.0	3092	2566
321.0	301.0	2435	2436
330.0	310.0	2862	2863
330.0	310.0	1382	1694
330.0	310.0	339	340
351.0	331.0	328	1545
355.0	335.0	1998	1999
362.0	342.0	736	737
364.0	344.0	1553	853
396.0	376.0	1399	1758
425.0	405.0	2268	2269
491.0	471.0	126	330
496.0	476.0	1736	1737
526.0	506.0	461	1020
638.0	618.0	1836	939
625.0	605.0	1695	2267
687.0	667.0	1177	1134
692.0	672.0	1014	1015
699.0	679.0	1235	1398
699.0	679.0	1233	1234
692.0	672.0	1135	1136
737.0	717.0	1565	1566
737.0	717.0	294	637
821.0	711.0	3012	3011	361	360	2277	2276	1511	1510	1075	1074	2347
714.0	644.0	1453	2271	1649	1648	1647	1455	1454
537.0	477.0	53	1064	2739	2738	2737	2736
792.0	702.0	361	360	359	358	1361	1360	173	172	171
792.0	712.0	105	1538	111	1536	1535	108	107	106
810.0	720.0	3073	3072	1174	1173	1172	1171	2983	889	3074
765.0	705.0	2695	1591	1719	1313	972	2696
830.0	720.0	900	899	898	897	896	895	1539	2856	2855	902	901
742.0	672.0	877	607	113	112	111	110	109
763.0	693.0	1596	1595	1464	1463	1958	1957	1597
782.0	702.0	1664	1663	1662	981	980	979	978	2892
750.0	660.0	1520	1519	1518	1517	1516	1515	1514	977	976
677.0	607.0	2619	403	402	401	1118	1117	2620
797.0	707.0	1610	1609	1608	1607	1969	1734	257	256	3028
829.0	709.0	187	186	185	184	860	859	858	857	2895	2894	189	188
818.0	718.0	2839	2838	392	2776	2775	2774	2773	2725	2724	781
645.0	585.0	2037	2036	1095	302	301	2311
805.0	715.0	617	56	55	839	2735	2734	406	405	404
786.0	686.0	2852	2851	2850	2849	2848	2847	904	903	2854	2853
737.0	647.0	2883	2882	2881	2280	2279	2278	359	2221	2884
788.0	678.0	1552	1551	968	967	966	965	1773	1772	1771	1770	1769
799.0	699.0	1353	363	362	3049	3048	3047	1357	1356	1355	1354

Costs
MyIndex
