Costs	Duration	Task_1	Task_2	Task_3	Task_4	Task_5	Task_6	Task_7	Task_8
71.0	61.0	121
71.0	61.0	140
119.0	109.0	123
248.0	238.0	199
147.0	137.0	139
71.0	61.0	120
785.0	705.0	329	328	327	326	325	324	323	330
594.0	524.0	298	297	296	295	294	300	299
634.0	564.0	180	179	178	184	183	182	181
666.0	596.0	175	174	173	172	171	170	176
688.0	618.0	127	126	125	124	107	106	105
786.0	716.0	267	266	305	304	303	302	301
521.0	461.0	4	3	2	1	6	5
547.0	487.0	113	112	111	116	115	114
590.0	530.0	214	213	212	211	210	215
608.0	548.0	235	234	233	232	237	236
664.0	604.0	143	148	147	146	145	144
693.0	633.0	102	101	55	54	104	103
773.0	713.0	230	229	228	198	197	231
385.0	335.0	152	151	150	149	24
398.0	348.0	241	240	239	238	242
403.0	353.0	284	283	282	281	285
582.0	532.0	311	310	309	313	312
615.0	565.0	194	193	192	196	195
665.0	615.0	207	206	205	209	208
726.0	676.0	38	42	41	40	39
733.0	683.0	130	58	133	132	131
740.0	690.0	202	201	200	204	203
759.0	709.0	318	317	316	13	12
276.0	236.0	27	26	25	28
293.0	253.0	45	44	43	46
333.0	293.0	22	21	20	23
346.0	306.0	49	48	47	50
350.0	310.0	220	219	218	221
399.0	359.0	250	249	248	251
410.0	370.0	288	287	286	289
431.0	391.0	260	263	262	261
461.0	421.0	8	7	10	9
480.0	440.0	67	66	69	68
480.0	440.0	291	290	293	292
495.0	455.0	64	63	62	65
542.0	502.0	15	14	17	16
564.0	524.0	154	153	156	155
565.0	525.0	99	98	97	100
732.0	692.0	78	81	80	79
740.0	700.0	95	94	93	96
752.0	712.0	167	166	165	122
119.0	89.0	279	278	280
240.0	210.0	60	59	61
267.0	237.0	159	158	160
342.0	312.0	271	270	272
421.0	391.0	109	108	110
427.0	397.0	92	77	76
481.0	451.0	190	189	191
488.0	458.0	137	136	138
496.0	466.0	265	264	117
510.0	480.0	276	275	277
514.0	484.0	35	34	36
522.0	492.0	87	89	88
554.0	524.0	187	186	188
593.0	563.0	306	308	307
599.0	569.0	319	321	320
621.0	591.0	322	86	85
675.0	645.0	11	227	226
693.0	663.0	244	243	245
73.0	53.0	83	84
71.0	51.0	216	217
75.0	55.0	74	75
88.0	68.0	161	162
120.0	100.0	222	223
114.0	94.0	268	269
122.0	102.0	168	169
138.0	118.0	314	315
149.0	129.0	128	129
149.0	129.0	32	33
190.0	170.0	258	259
179.0	159.0	246	247
212.0	192.0	141	177
193.0	173.0	163	164
208.0	188.0	252	253
210.0	190.0	29	30
235.0	215.0	70	71
260.0	240.0	273	274
265.0	245.0	18	19
276.0	256.0	256	257
299.0	279.0	254	255
307.0	287.0	224	225
313.0	293.0	56	57
315.0	295.0	52	53
373.0	353.0	90	51
375.0	355.0	157	91
576.0	556.0	72	73
600.0	580.0	226	82
668.0	648.0	185	324
692.0	672.0	142	37
700.0	680.0	118	119
692.0	672.0	31	32
698.0	678.0	134	135

Costs
MyIndex
