Costs	Duration	Task_1	Task_2	Task_3	Task_4	Task_5	Task_6	Task_7	Task_8	Task_9	Task_10
32.0	22.0	442
70.0	60.0	403
192.0	182.0	86
200.0	190.0	528
119.0	109.0	181
403.0	393.0	103
150.0	140.0	637
147.0	137.0	45
112.0	102.0	369
131.0	121.0	179
79.0	69.0	217
55.0	45.0	180
50.0	40.0	370
757.0	657.0	595	594	593	592	591	590	599	598	597	596
644.0	564.0	229	228	227	226	225	224	231	230
741.0	661.0	16	15	14	13	12	19	18	17
744.0	664.0	394	393	400	399	398	397	396	395
763.0	683.0	579	578	585	584	583	582	581	580
778.0	698.0	215	214	213	212	211	210	209	216
794.0	714.0	324	323	322	321	328	327	326	325
594.0	524.0	34	33	32	31	30	36	35
620.0	550.0	472	471	470	469	475	474	473
630.0	560.0	116	115	114	113	112	111	117
670.0	600.0	109	108	107	106	105	104	203
681.0	611.0	465	464	463	462	468	467	466
714.0	644.0	319	318	317	316	624	623	320
738.0	668.0	202	201	200	199	198	197	110
738.0	668.0	616	615	621	620	619	618	617
745.0	675.0	513	512	566	565	564	515	514
746.0	676.0	251	250	249	248	247	253	252
776.0	706.0	118	124	123	122	121	120	119
789.0	719.0	388	461	460	511	510	509	508
789.0	719.0	151	157	156	155	154	153	152
395.0	335.0	281	280	279	278	277	282
544.0	484.0	204	519	208	207	206	205
547.0	487.0	563	562	561	518	517	516
612.0	552.0	22	21	20	25	24	23
660.0	600.0	559	558	426	425	424	423
676.0	616.0	56	271	270	269	268	57
684.0	624.0	452	451	450	449	454	453
712.0	652.0	622	459	458	457	456	455
713.0	653.0	629	628	627	626	631	630
713.0	653.0	343	342	341	340	345	344
714.0	654.0	95	94	93	92	91	96
723.0	663.0	376	375	374	373	378	377
750.0	690.0	483	482	481	480	146	484
760.0	700.0	407	406	405	404	409	408
774.0	714.0	41	40	39	38	37	366
260.0	210.0	61	60	59	58	62
365.0	315.0	445	497	496	495	446
367.0	317.0	355	354	353	352	356
498.0	448.0	434	433	432	431	435
538.0	488.0	148	147	218	150	149
550.0	500.0	233	232	236	235	234
563.0	513.0	66	65	64	63	67
580.0	530.0	137	136	135	139	138
586.0	536.0	44	43	42	368	367
595.0	545.0	500	499	498	502	501
622.0	572.0	440	439	438	437	441
640.0	590.0	308	307	306	305	53
661.0	611.0	295	294	293	297	296
656.0	606.0	362	361	365	364	363
680.0	630.0	187	186	185	189	188
705.0	655.0	273	272	55	54	274
711.0	661.0	549	339	338	381	380
722.0	672.0	290	289	288	292	291
764.0	714.0	633	632	196	195	194
752.0	702.0	160	159	158	162	161
754.0	704.0	310	309	52	51	311
755.0	705.0	221	220	219	223	222
761.0	711.0	301	300	299	298	302
208.0	168.0	491	490	489	492
273.0	233.0	478	477	476	479
318.0	278.0	28	27	26	29
346.0	306.0	554	553	552	555
346.0	306.0	144	143	142	145
354.0	314.0	3	2	1	4
361.0	321.0	7	6	5	8
379.0	339.0	359	358	357	360
389.0	349.0	258	257	522	259
480.0	440.0	547	546	545	548
473.0	433.0	166	165	168	167
496.0	456.0	240	243	242	241
535.0	495.0	334	333	332	335
576.0	536.0	387	386	385	506
590.0	550.0	173	172	175	174
593.0	553.0	601	600	603	602
596.0	556.0	349	348	351	350
603.0	563.0	414	413	412	415
620.0	580.0	88	87	90	89
640.0	600.0	390	73	392	391
643.0	603.0	606	605	604	607
715.0	675.0	417	416	419	418
720.0	680.0	537	536	535	538
750.0	710.0	587	586	589	588
190.0	160.0	84	83	85
207.0	177.0	98	97	99
216.0	186.0	520	519	521
225.0	195.0	10	9	11
233.0	203.0	493	527	494
269.0	239.0	542	541	543
306.0	276.0	255	254	256
315.0	285.0	183	182	184
348.0	318.0	239	238	625
361.0	331.0	77	567	78
401.0	371.0	101	100	102
451.0	421.0	75	74	76
451.0	421.0	379	551	382
470.0	440.0	611	610	612
524.0	494.0	330	329	331
543.0	513.0	79	81	80
551.0	521.0	245	71	246
560.0	530.0	421	420	422
601.0	571.0	286	285	287
606.0	576.0	68	70	69
629.0	599.0	131	130	560
647.0	617.0	191	190	72
655.0	625.0	529	276	275
667.0	637.0	530	532	531
674.0	644.0	170	169	171
675.0	645.0	261	260	524
691.0	661.0	505	389	507
691.0	661.0	337	336	550
691.0	661.0	263	265	264
704.0	674.0	133	132	134
707.0	677.0	49	48	50
719.0	689.0	635	634	636
743.0	713.0	244	193	192
35.0	15.0	140	141
79.0	59.0	608	609
75.0	55.0	443	444
101.0	81.0	429	430
108.0	88.0	266	267
144.0	124.0	568	569
127.0	107.0	487	488
182.0	162.0	503	504
190.0	170.0	570	571
185.0	165.0	556	557
190.0	170.0	346	347
190.0	170.0	46	47
217.0	197.0	485	486
197.0	177.0	125	126
202.0	182.0	576	577
210.0	190.0	525	526
210.0	190.0	82	178
250.0	230.0	383	384
242.0	222.0	314	315
257.0	237.0	401	402
278.0	258.0	410	411
294.0	274.0	303	304
275.0	255.0	574	575
328.0	308.0	613	614
336.0	316.0	371	372
352.0	332.0	312	313
361.0	341.0	283	284
373.0	353.0	176	177
376.0	356.0	427	428
404.0	384.0	533	164
388.0	368.0	539	540
455.0	435.0	163	534
492.0	472.0	572	573
478.0	458.0	544	436
550.0	530.0	523	262
622.0	602.0	447	448
690.0	670.0	127	128
723.0	703.0	237	129

Costs
MyIndex
