Costs	Duration	Task_1	Task_2	Task_3	Task_4	Task_5	Task_6	Task_7	Task_8
192.0	182.0	384
119.0	109.0	434
189.0	179.0	385
313.0	303.0	191
248.0	238.0	388
403.0	393.0	151
25.0	15.0	26
147.0	137.0	345
71.0	61.0	453
27.0	17.0	240
79.0	69.0	433
55.0	45.0	171
644.0	564.0	181	180	179	178	177	176	183	182
676.0	596.0	303	302	416	50	49	422	421	420
687.0	607.0	157	156	155	154	153	152	159	158
707.0	627.0	37	36	35	34	33	40	39	38
770.0	690.0	331	330	329	328	327	334	333	332
783.0	703.0	165	164	163	162	161	160	167	166
568.0	498.0	423	48	47	427	426	425	424
661.0	591.0	446	445	451	450	449	448	447
749.0	679.0	138	137	136	135	134	140	139
763.0	693.0	340	339	338	337	336	335	341
774.0	704.0	414	413	106	105	104	103	415
788.0	718.0	227	226	418	417	230	229	228
493.0	433.0	87	86	91	90	89	88
552.0	492.0	273	272	277	276	275	274
560.0	500.0	349	348	353	352	351	350
576.0	516.0	222	221	419	225	224	223
578.0	518.0	60	59	58	57	62	61
587.0	527.0	410	409	408	407	412	411
606.0	546.0	438	437	436	435	295	294
630.0	570.0	68	73	72	71	70	69
704.0	644.0	193	369	368	367	366	194
710.0	650.0	145	144	143	142	141	146
745.0	685.0	392	391	390	389	394	393
734.0	674.0	371	370	375	374	373	372
767.0	707.0	305	304	22	21	20	19
365.0	315.0	282	262	261	260	283
403.0	353.0	317	316	315	314	318
486.0	436.0	364	363	362	361	365
487.0	437.0	81	80	79	78	82
496.0	446.0	431	430	429	428	432
525.0	475.0	405	404	403	402	406
551.0	501.0	236	235	234	238	237
596.0	546.0	66	65	64	63	67
598.0	548.0	310	309	313	312	311
607.0	557.0	216	220	219	218	217
632.0	582.0	300	299	298	297	301
653.0	603.0	291	290	289	293	292
685.0	635.0	127	126	125	124	128
695.0	645.0	255	259	258	257	256
701.0	651.0	131	130	129	133	132
715.0	665.0	215	214	213	212	296
724.0	674.0	358	357	356	360	359
273.0	233.0	118	117	116	119
277.0	237.0	114	113	112	115
346.0	306.0	378	377	376	379
374.0	334.0	55	54	53	56
386.0	346.0	174	173	172	175
410.0	370.0	321	320	319	322
480.0	440.0	324	323	326	325
506.0	466.0	188	187	186	189
511.0	471.0	206	205	204	207
542.0	502.0	44	43	46	45
665.0	625.0	201	200	203	202
666.0	626.0	108	111	110	109
176.0	146.0	287	286	288
190.0	160.0	382	381	383
214.0	184.0	14	13	250
283.0	253.0	232	231	233
294.0	264.0	343	342	344
299.0	269.0	84	83	85
340.0	310.0	169	168	170
358.0	328.0	398	397	399
410.0	380.0	95	94	96
451.0	421.0	197	199	198
511.0	481.0	17	306	18
567.0	537.0	5	4	6
605.0	575.0	253	16	254
621.0	591.0	269	271	270
628.0	598.0	11	10	12
684.0	654.0	7	9	8
689.0	659.0	101	100	102
698.0	668.0	442	444	443
705.0	675.0	266	265	190
723.0	693.0	440	439	441
75.0	55.0	280	281
84.0	64.0	23	24
88.0	68.0	346	347
101.0	81.0	395	396
119.0	99.0	243	244
152.0	132.0	251	252
138.0	118.0	184	185
139.0	119.0	354	355
145.0	125.0	147	148
159.0	139.0	120	121
182.0	162.0	74	75
165.0	145.0	195	196
190.0	170.0	307	308
179.0	159.0	241	242
185.0	165.0	76	77
214.0	194.0	92	93
208.0	188.0	263	264
210.0	190.0	27	28
218.0	198.0	2	3
221.0	201.0	400	401
242.0	222.0	210	211
233.0	213.0	51	52
263.0	243.0	97	98
292.0	272.0	41	42
295.0	275.0	122	123
306.0	286.0	267	268
334.0	314.0	31	32
373.0	353.0	278	279
375.0	355.0	239	380
426.0	406.0	29	30
454.0	434.0	99	32
490.0	470.0	249	15
602.0	582.0	208	209
610.0	590.0	245	246
622.0	602.0	284	285
613.0	593.0	192	107
660.0	640.0	149	150
700.0	680.0	25	452
692.0	672.0	247	248
716.0	696.0	1	2
723.0	703.0	386	387

Costs
MyIndex
