Costs	Duration	Task_1	Task_2	Task_3	Task_4	Task_5	Task_6	Task_7
239.0	229.0	38
66.0	56.0	67
99.0	89.0	72
73.0	63.0	45
39.0	29.0	73
147.0	137.0	37
103.0	93.0	80
79.0	69.0	46
615.0	545.0	59	58	57	102	101	100	60
665.0	595.0	62	61	99	98	97	64	63
760.0	700.0	24	23	22	21	82	81
552.0	502.0	90	89	88	92	91
270.0	230.0	14	13	12	15
310.0	270.0	41	40	39	42
323.0	283.0	95	94	93	96
334.0	294.0	7	6	5	8
346.0	306.0	33	32	31	34
431.0	391.0	68	71	70	69
516.0	476.0	2	1	4	3
269.0	239.0	77	76	78
300.0	270.0	84	83	85
342.0	312.0	19	18	20
646.0	616.0	79	36	35
732.0	702.0	10	9	11
122.0	102.0	74	75
102.0	82.0	47	48
114.0	94.0	16	17
202.0	182.0	49	50
208.0	188.0	25	26
210.0	190.0	65	66
241.0	221.0	51	52
285.0	265.0	29	30
320.0	300.0	55	56
318.0	298.0	27	28
367.0	347.0	86	87
375.0	355.0	103	104
633.0	613.0	43	44
692.0	672.0	53	54

Costs
MyIndex
