Costs	Duration	Task_1	Task_2	Task_3	Task_4	Task_5	Task_6	Task_7	Task_8
32.0	22.0	83
190.0	180.0	142
189.0	179.0	25
219.0	209.0	26
189.0	179.0	143
189.0	179.0	32
212.0	202.0	144
248.0	238.0	33
48.0	38.0	186
39.0	29.0	113
147.0	137.0	153
27.0	17.0	222
79.0	69.0	104
744.0	664.0	13	12	11	10	9	246	245	14
671.0	601.0	249	248	247	179	178	177	20
688.0	618.0	183	182	181	180	127	126	125
750.0	680.0	206	205	211	210	209	208	207
486.0	426.0	136	135	134	133	132	109
521.0	461.0	48	47	46	45	50	49
632.0	572.0	200	199	204	203	202	201
732.0	672.0	87	86	85	84	89	88
732.0	672.0	194	193	192	191	196	195
734.0	674.0	36	35	40	39	38	37
403.0	353.0	121	120	119	118	122
525.0	475.0	71	70	69	68	72
592.0	542.0	244	243	242	174	173
602.0	552.0	235	66	106	237	236
670.0	620.0	164	163	162	161	165
704.0	654.0	56	55	54	58	57
733.0	683.0	146	145	149	148	147
273.0	233.0	102	101	100	103
276.0	236.0	21	20	19	22
277.0	237.0	17	16	15	18
301.0	261.0	64	63	62	65
480.0	440.0	78	77	80	79
480.0	440.0	167	166	169	168
482.0	442.0	129	128	131	130
495.0	455.0	75	74	73	76
542.0	502.0	4	3	6	5
564.0	524.0	218	217	220	219
631.0	591.0	239	238	241	240
712.0	672.0	67	234	108	107
703.0	663.0	92	91	90	93
119.0	89.0	160	159	117
247.0	217.0	224	223	225
265.0	235.0	42	41	43
268.0	238.0	28	27	29
280.0	250.0	213	212	214
325.0	295.0	140	139	141
341.0	311.0	171	170	172
346.0	316.0	60	59	61
441.0	411.0	110	112	111
449.0	419.0	52	51	53
510.0	480.0	157	156	158
554.0	524.0	188	187	189
599.0	569.0	94	96	95
658.0	628.0	231	230	232
715.0	685.0	150	152	151
52.0	32.0	115	116
98.0	78.0	137	138
114.0	94.0	175	176
138.0	118.0	226	227
212.0	192.0	105	233
193.0	173.0	197	198
208.0	188.0	228	229
210.0	190.0	23	24
235.0	215.0	81	82
221.0	201.0	215	216
234.0	214.0	1	2
254.0	234.0	250	251
256.0	236.0	123	124
260.0	240.0	154	155
265.0	245.0	7	8
285.0	265.0	98	99
320.0	300.0	30	31
375.0	355.0	221	44
415.0	395.0	184	185
512.0	492.0	190	114
721.0	701.0	97	34

Costs
MyIndex
