Costs	Duration	Task_1	Task_2	Task_3	Task_4	Task_5	Task_6	Task_7	Task_8
32.0	22.0	97
62.0	52.0	214
190.0	180.0	100
189.0	179.0	78
219.0	209.0	79
60.0	50.0	215
62.0	52.0	216
248.0	238.0	208
39.0	29.0	26
147.0	137.0	213
27.0	17.0	194
79.0	69.0	107
754.0	674.0	252	251	250	249	256	255	254	253
548.0	478.0	44	43	42	41	40	46	45
588.0	518.0	34	33	39	38	37	36	35
620.0	550.0	68	67	66	65	71	70	69
671.0	601.0	124	123	122	51	50	49	73
688.0	618.0	30	29	28	27	89	88	87
762.0	692.0	155	154	153	152	158	157	156
449.0	389.0	119	118	117	116	121	120
521.0	461.0	230	229	228	227	232	231
559.0	499.0	172	171	176	175	174	173
604.0	544.0	225	224	223	222	221	226
738.0	678.0	203	202	201	200	199	204
760.0	700.0	4	3	2	1	6	5
410.0	360.0	19	18	17	16	111
487.0	437.0	134	133	132	131	135
592.0	542.0	238	237	236	240	239
744.0	694.0	13	12	11	15	14
276.0	236.0	74	73	72	75
333.0	293.0	185	184	183	186
346.0	306.0	259	258	257	260
347.0	307.0	247	246	245	248
451.0	411.0	149	148	151	150
480.0	440.0	141	140	143	142
480.0	440.0	218	217	220	219
482.0	442.0	91	90	93	92
495.0	455.0	138	137	136	139
542.0	502.0	178	177	180	179
564.0	524.0	190	189	192	191
643.0	603.0	84	83	86	85
703.0	663.0	9	8	7	10
705.0	665.0	204	207	206	205
149.0	119.0	95	94	96
176.0	146.0	81	80	82
247.0	217.0	53	52	54
401.0	371.0	63	62	64
441.0	411.0	23	25	24
449.0	419.0	234	233	235
510.0	480.0	167	166	168
554.0	524.0	162	161	163
621.0	591.0	103	105	104
661.0	631.0	60	59	61
691.0	661.0	20	110	113
728.0	698.0	21	112	22
52.0	32.0	197	198
116.0	96.0	187	188
98.0	78.0	146	147
114.0	94.0	47	48
138.0	118.0	55	56
164.0	144.0	106	250
212.0	192.0	127	128
208.0	188.0	57	58
210.0	190.0	76	77
235.0	215.0	144	145
254.0	234.0	125	126
260.0	240.0	164	165
265.0	245.0	181	182
270.0	250.0	98	99
287.0	267.0	169	170
305.0	285.0	211	212
332.0	312.0	109	128
365.0	345.0	129	130
368.0	348.0	241	242
373.0	353.0	243	244
375.0	355.0	193	261
452.0	432.0	195	108
464.0	444.0	31	32
512.0	492.0	195	196
519.0	499.0	101	102
675.0	655.0	159	160
679.0	659.0	114	115
698.0	678.0	209	210

Costs
MyIndex
