Costs	Duration	Task_1	Task_2	Task_3	Task_4	Task_5	Task_6	Task_7	Task_8	Task_9
40.0	30.0	341
119.0	109.0	107
62.0	52.0	739
164.0	154.0	741
204.0	194.0	787
150.0	140.0	252
147.0	137.0	572
131.0	121.0	253
147.0	137.0	408
79.0	69.0	340
55.0	45.0	254
50.0	40.0	573
778.0	688.0	776	775	774	88	229	780	779	778	777
788.0	698.0	317	316	315	314	118	117	116	115	778
646.0	566.0	236	235	234	233	232	239	238	237
650.0	570.0	245	244	243	242	710	240	247	246
687.0	607.0	6	5	210	209	10	9	8	7
689.0	609.0	225	224	223	222	221	228	227	226
697.0	617.0	488	487	750	749	748	747	746	745
723.0	643.0	460	459	458	457	456	455	462	461
737.0	657.0	636	635	642	641	640	639	638	637
750.0	670.0	767	766	383	382	381	380	379	378
752.0	672.0	324	331	330	329	328	327	326	325
757.0	677.0	492	491	490	489	744	743	742	493
787.0	707.0	688	687	686	685	684	691	690	689
789.0	709.0	759	758	757	668	755	762	761	760
796.0	716.0	219	218	217	216	215	214	213	220
584.0	514.0	257	256	255	446	445	444	443
602.0	532.0	484	483	482	481	480	486	485
613.0	543.0	196	195	194	200	199	198	197
630.0	560.0	657	656	662	661	660	659	658
647.0	577.0	588	587	593	592	591	590	589
648.0	578.0	474	473	239	238	188	187	186
665.0	595.0	283	282	281	287	286	285	284
694.0	624.0	157	156	155	154	153	159	158
696.0	626.0	113	112	111	110	109	108	114
703.0	633.0	454	453	452	451	450	377	376
704.0	634.0	467	466	465	464	463	319	318
705.0	635.0	716	715	714	713	712	718	717
714.0	644.0	652	651	650	649	385	384	653
726.0	656.0	62	61	60	59	65	64	63
732.0	662.0	559	558	614	613	612	611	610
752.0	682.0	505	504	262	261	673	672	671
776.0	706.0	494	168	167	166	497	496	495
763.0	693.0	393	392	391	390	389	388	394
776.0	706.0	241	709	708	707	786	785	711
781.0	711.0	292	291	96	95	94	294	293
494.0	434.0	517	516	515	514	519	518
516.0	456.0	798	797	796	795	212	211
545.0	485.0	533	532	531	530	529	534
547.0	487.0	400	783	782	403	402	401
551.0	491.0	585	584	583	582	581	586
560.0	500.0	142	141	140	139	144	143
578.0	518.0	806	805	804	803	808	807
604.0	544.0	371	370	375	374	373	372
617.0	557.0	37	36	35	34	39	38
626.0	566.0	831	830	829	828	827	95
652.0	592.0	437	436	435	434	339	338
635.0	575.0	823	822	148	826	825	824
641.0	581.0	428	427	426	425	424	429
644.0	584.0	735	734	733	732	737	736
648.0	588.0	98	721	720	719	569	568
654.0	594.0	164	163	162	161	160	836
655.0	595.0	788	359	358	357	356	789
655.0	595.0	820	819	818	817	683	821
680.0	620.0	625	624	623	628	627	626
710.0	650.0	19	18	810	809	21	20
710.0	650.0	772	771	770	769	768	773
711.0	651.0	840	839	838	837	41	40
714.0	654.0	595	594	599	598	597	596
717.0	657.0	397	396	395	784	399	398
719.0	659.0	815	814	813	812	811	816
721.0	661.0	579	615	83	619	618	617
731.0	671.0	310	309	308	313	312	311
735.0	675.0	625	624	552	551	554	553
324.0	274.0	608	607	606	605	609
377.0	327.0	527	526	525	524	528
414.0	364.0	679	678	682	681	680
488.0	438.0	32	31	30	29	33
580.0	530.0	499	498	165	699	500
595.0	545.0	545	544	543	547	546
600.0	550.0	442	441	260	259	258
622.0	572.0	45	44	43	42	46
624.0	574.0	190	189	193	192	191
638.0	588.0	88	87	86	85	550
640.0	590.0	567	566	565	564	698
689.0	639.0	695	694	693	692	73
697.0	647.0	352	351	350	354	353
724.0	674.0	269	268	267	266	270
711.0	661.0	106	731	730	105	621
726.0	676.0	470	469	468	472	471
733.0	683.0	345	344	122	121	346
764.0	714.0	476	475	479	478	477
745.0	695.0	695	280	279	278	696
754.0	704.0	412	14	13	12	11
759.0	709.0	509	508	507	506	510
760.0	710.0	92	91	90	89	93
762.0	712.0	654	120	119	347	346
769.0	719.0	4	3	801	800	799
251.0	211.0	562	561	560	563
271.0	231.0	302	301	300	303
273.0	233.0	834	833	832	835
283.0	243.0	205	204	203	206
349.0	309.0	207	364	409	208
357.0	317.0	151	150	149	152
372.0	332.0	405	404	407	406
385.0	345.0	322	321	320	323
394.0	354.0	130	129	128	131
399.0	359.0	290	289	288	97
399.0	359.0	53	52	51	54
435.0	395.0	305	304	307	306
436.0	396.0	431	430	433	432
450.0	410.0	263	503	265	264
465.0	425.0	69	68	71	70
474.0	434.0	577	580	616	578
512.0	472.0	250	249	248	251
506.0	466.0	57	56	55	58
528.0	488.0	521	520	523	522
528.0	488.0	174	173	172	175
535.0	495.0	537	536	535	538
584.0	544.0	27	26	25	28
622.0	582.0	102	726	725	132
613.0	573.0	76	75	74	336
618.0	578.0	147	146	145	781
640.0	600.0	555	629	557	556
641.0	601.0	17	16	15	182
680.0	640.0	273	272	271	274
696.0	656.0	675	674	677	676
710.0	670.0	48	47	50	49
722.0	682.0	727	103	729	728
731.0	691.0	179	178	181	180
738.0	698.0	386	648	647	387
176.0	146.0	512	511	513
202.0	172.0	644	643	645
206.0	176.0	448	447	449
232.0	202.0	601	600	602
263.0	233.0	126	125	127
267.0	237.0	23	22	24
269.0	239.0	170	169	171
319.0	289.0	361	360	362
324.0	294.0	414	413	415
327.0	297.0	570	337	571
340.0	310.0	417	416	418
381.0	351.0	366	365	367
413.0	383.0	738	67	66
451.0	421.0	631	630	663
511.0	481.0	81	80	82
526.0	496.0	332	334	333
568.0	538.0	575	574	634
588.0	558.0	296	295	297
592.0	562.0	763	765	764
596.0	566.0	183	185	184
596.0	566.0	138	137	622
621.0	591.0	421	423	422
646.0	616.0	704	703	705
677.0	647.0	843	842	794
683.0	653.0	275	277	276
718.0	688.0	792	791	793
37.0	17.0	342	343
71.0	51.0	298	299
75.0	55.0	541	542
88.0	68.0	753	754
127.0	107.0	99	100
182.0	162.0	548	549
190.0	170.0	201	202
190.0	170.0	539	540
199.0	179.0	176	177
235.0	215.0	363	364
221.0	201.0	664	665
242.0	222.0	135	84
234.0	214.0	368	369
242.0	222.0	438	439
257.0	237.0	751	752
280.0	260.0	724	104
262.0	242.0	1	2
265.0	245.0	501	502
294.0	274.0	722	723
302.0	282.0	632	633
284.0	264.0	655	740
303.0	283.0	439	440
343.0	323.0	419	420
372.0	352.0	101	576
386.0	366.0	78	79
388.0	368.0	123	124
391.0	371.0	133	134
434.0	414.0	603	604
429.0	409.0	335	77
463.0	443.0	230	231
507.0	487.0	620	136
550.0	530.0	355	790
602.0	582.0	410	411
614.0	594.0	72	706
699.0	679.0	697	841
690.0	670.0	700	701
723.0	703.0	646	702
710.0	690.0	348	349
579.0	519.0	670	669	756	667	666	802

Costs
MyIndex
