Costs	Duration	Task_1	Task_2	Task_3	Task_4	Task_5	Task_6	Task_7	Task_8	Task_9	Task_10	Task_11
87.0	77.0	590
108.0	98.0	555
66.0	56.0	778
63.0	53.0	996
204.0	194.0	854
147.0	137.0	651
175.0	165.0	196
204.0	194.0	1107
50.0	40.0	736
55.0	45.0	858
802.0	692.0	1052	1051	1050	1049	1048	1047	1046	1045	1044	1054	1053
809.0	699.0	543	542	541	540	539	538	537	536	546	545	544
783.0	683.0	216	222	221	220	678	677	676	675	674	673
814.0	714.0	697	696	695	694	693	692	691	690	699	698
661.0	571.0	722	721	720	719	718	717	716	724	723
707.0	617.0	112	111	110	109	599	598	597	1245	1244
730.0	640.0	131	130	129	128	127	126	125	133	132
747.0	657.0	364	363	362	876	620	619	618	366	365
756.0	666.0	1075	1074	1073	1072	1071	644	643	642	641
773.0	683.0	272	271	270	783	782	781	780	200	199
780.0	690.0	455	337	336	335	334	333	332	331	330
781.0	691.0	1254	1253	1252	1251	1259	1258	1257	1256	1255
800.0	710.0	558	557	556	83	82	314	1203	1202	1201
809.0	719.0	884	883	882	881	880	888	887	886	885
666.0	586.0	215	214	213	212	211	210	209	342
671.0	591.0	1227	340	339	1232	1231	1230	1229	1228
699.0	619.0	648	647	1079	1078	1077	1076	650	649
717.0	637.0	803	802	1127	1126	1125	1124	1123	1122
717.0	637.0	1008	1014	1013	1012	1011	561	560	559
746.0	666.0	192	731	730	896	895	894	194	193
735.0	655.0	276	123	122	121	120	119	118	117
757.0	677.0	874	873	872	871	870	869	401	400
762.0	682.0	912	1062	625	624	623	622	621	620
765.0	685.0	526	525	524	523	522	529	528	527
776.0	696.0	1042	1041	1040	1039	1243	1083	1082	1043
777.0	697.0	295	294	293	292	291	298	297	296
786.0	706.0	868	867	866	865	864	863	862	273
787.0	707.0	986	985	984	983	982	981	988	987
792.0	712.0	149	148	147	352	351	152	151	150
426.0	356.0	1171	1170	979	978	977	976	1172
504.0	434.0	313	312	1208	1207	1206	1205	1204
525.0	455.0	945	944	943	942	948	947	946
556.0	486.0	427	426	425	960	153	429	428
581.0	511.0	406	910	909	908	907	408	407
598.0	528.0	4	3	741	740	7	6	5
623.0	553.0	744	750	749	748	747	746	745
656.0	586.0	1169	1168	239	238	237	236	235
654.0	584.0	225	224	223	646	645	350	349
668.0	598.0	516	515	521	520	519	518	517
669.0	599.0	434	433	161	160	105	436	435
677.0	607.0	707	706	796	795	794	793	660
681.0	611.0	440	439	438	444	443	442	441
685.0	615.0	640	639	1300	1299	1298	1297	1296
691.0	621.0	613	612	611	610	609	615	614
701.0	631.0	307	306	305	304	1280	358	357
701.0	631.0	1162	1161	1160	77	76	75	1163
722.0	652.0	1059	1058	1057	1056	1055	1061	1060
722.0	652.0	589	588	587	586	585	729	508
728.0	658.0	732	191	190	385	384	505	733
731.0	661.0	1086	1085	1084	1242	1241	1240	198
732.0	662.0	1031	1030	1036	1035	1034	1033	1032
734.0	664.0	1133	1132	1131	1130	1129	1128	1134
746.0	676.0	1144	1143	1142	1141	383	1146	1145
747.0	677.0	138	137	136	135	134	140	139
748.0	678.0	403	402	913	912	911	405	404
752.0	682.0	1167	1166	46	605	604	603	43
776.0	706.0	963	432	431	430	966	965	964
760.0	690.0	1268	1267	1266	850	849	1270	1269
763.0	693.0	956	955	954	953	952	576	146
764.0	694.0	1115	1114	790	789	1285	1117	1116
766.0	696.0	957	145	144	143	142	959	958
766.0	696.0	808	807	806	805	811	810	809
771.0	701.0	784	269	600	116	274	786	785
774.0	704.0	285	284	755	754	753	287	286
775.0	705.0	823	822	821	827	826	825	824
779.0	709.0	342	341	680	679	219	218	217
783.0	713.0	89	88	1121	1120	1119	608	607
785.0	715.0	917	916	915	914	300	299	918
786.0	716.0	1183	1182	1181	1180	1179	1185	1184
787.0	717.0	420	419	418	417	416	636	635
412.0	352.0	704	703	702	701	700	705
519.0	459.0	765	21	20	303	302	301
563.0	503.0	670	669	668	667	672	671
570.0	510.0	53	52	51	90	55	54
607.0	547.0	317	933	932	980	234	233
609.0	549.0	1274	1273	1272	1271	1276	1275
615.0	555.0	63	62	61	60	65	64
635.0	575.0	1175	1174	1173	1178	1177	1176
626.0	566.0	533	532	531	530	535	534
630.0	570.0	1154	1153	1152	1151	1150	1155
638.0	578.0	410	409	622	621	334	207
641.0	581.0	101	100	473	817	816	102
656.0	596.0	261	260	259	258	263	262
667.0	607.0	228	1279	1278	311	310	309
694.0	634.0	447	446	445	450	449	448
698.0	638.0	1148	1147	382	813	812	1149
698.0	638.0	173	172	171	903	902	906
702.0	642.0	894	893	898	897	195	895
704.0	644.0	323	322	321	320	752	751
710.0	650.0	823	822	227	108	107	106
719.0	659.0	23	22	764	381	1327	24
720.0	660.0	1139	1138	1137	1136	1135	1140
726.0	666.0	328	327	326	325	324	329
727.0	667.0	859	161	160	159	861	860
727.0	667.0	591	1005	1081	1080	593	592
749.0	689.0	248	761	760	251	250	249
730.0	670.0	582	581	580	579	584	583
732.0	672.0	175	1092	1091	178	177	176
739.0	679.0	633	632	846	845	844	634
746.0	686.0	548	547	552	551	550	549
760.0	700.0	829	828	398	397	831	830
764.0	704.0	454	453	452	451	617	616
765.0	705.0	1028	1027	1026	1263	1262	1029
769.0	709.0	414	413	1097	1261	1260	180
780.0	720.0	281	280	279	278	277	282
382.0	332.0	1294	1293	1292	1291	1295
382.0	332.0	655	654	653	652	656
404.0	354.0	800	799	798	797	801
425.0	375.0	574	573	572	571	575
472.0	422.0	496	495	494	493	497
512.0	462.0	470	469	468	472	471
537.0	487.0	1325	1324	1187	1186	1326
554.0	504.0	952	951	950	949	343
575.0	525.0	756	242	241	240	757
584.0	534.0	189	188	386	385	384
585.0	535.0	923	922	921	920	924
588.0	538.0	1005	510	512	511	591
617.0	567.0	164	163	162	166	165
618.0	568.0	290	289	288	460	459
630.0	580.0	98	97	96	95	99
631.0	581.0	1323	1322	1321	1320	1188
633.0	583.0	30	29	28	32	31
635.0	585.0	1329	1328	380	379	1330
639.0	589.0	506	1158	1157	1156	507
642.0	592.0	684	683	682	681	685
649.0	599.0	1314	283	759	758	244
673.0	623.0	487	486	485	1019	1018
675.0	625.0	768	767	766	187	186
684.0	634.0	1196	1195	1236	1235	1105
687.0	637.0	1111	1110	1109	1113	1112
689.0	639.0	663	662	1221	1220	1219
692.0	642.0	69	68	67	66	70
694.0	644.0	665	664	1218	1217	666
698.0	648.0	1288	249	993	1316	141
712.0	662.0	962	961	424	1302	1301
717.0	667.0	50	49	48	47	91
717.0	667.0	45	44	602	601	606
718.0	668.0	346	345	344	348	347
730.0	680.0	156	155	154	158	157
733.0	683.0	1212	1211	1210	1209	1213
740.0	690.0	968	967	971	970	969
740.0	690.0	308	356	360	359	229
742.0	692.0	370	369	368	367	371
756.0	706.0	202	201	788	787	203
758.0	708.0	1015	1284	1283	483	482
761.0	711.0	728	727	726	725	1277
766.0	716.0	1305	1304	1303	1307	1306
770.0	720.0	115	114	113	792	791
270.0	230.0	466	465	464	467
300.0	260.0	940	939	938	941
303.0	263.0	770	1103	1102	771
314.0	274.0	86	85	84	87
356.0	316.0	1224	1223	1222	1225
382.0	342.0	1094	206	839	1095
396.0	356.0	878	877	1216	879
442.0	402.0	182	181	415	183
445.0	405.0	927	926	925	928
451.0	411.0	815	814	226	29
511.0	471.0	833	832	1118	1117
527.0	487.0	1070	1069	638	637
530.0	490.0	1193	1192	1191	1194
540.0	500.0	842	841	840	843
570.0	530.0	1088	901	1090	1089
551.0	511.0	1198	1197	1200	1199
559.0	519.0	392	819	394	393
561.0	521.0	1175	1174	661	489
604.0	564.0	500	499	498	501
606.0	566.0	373	372	375	374
606.0	566.0	1317	992	1319	1318
612.0	572.0	422	421	763	423
658.0	618.0	39	38	37	657
647.0	607.0	184	1290	1289	185
655.0	615.0	502	254	504	503
662.0	622.0	919	1226	578	577
663.0	623.0	169	168	167	170
665.0	625.0	41	40	316	315
674.0	634.0	391	390	689	820
679.0	639.0	79	78	1165	1164
690.0	650.0	42	936	935	934
709.0	669.0	243	755	124	1315
709.0	669.0	9	8	275	10
711.0	671.0	378	377	376	892
713.0	673.0	688	687	686	33
718.0	678.0	80	931	930	81
736.0	696.0	232	231	319	318
746.0	706.0	58	57	56	59
749.0	709.0	19	18	17	338
140.0	110.0	267	266	268
168.0	138.0	479	478	480
190.0	160.0	12	11	13
207.0	177.0	1064	1063	1065
233.0	203.0	457	456	458
262.0	232.0	354	353	355
280.0	250.0	711	710	712
294.0	264.0	738	737	739
298.0	268.0	26	25	27
306.0	276.0	1003	1002	1004
345.0	315.0	491	490	492
390.0	360.0	803	802	804
401.0	371.0	1067	1066	1068
446.0	416.0	15	14	16
467.0	437.0	990	989	991
487.0	457.0	255	257	256
490.0	460.0	1312	1311	1313
495.0	465.0	835	834	836
501.0	471.0	1021	1023	1022
530.0	500.0	1334	36	1335
552.0	522.0	246	245	247
541.0	511.0	73	72	74
552.0	522.0	1215	1214	361
569.0	539.0	1332	1331	1333
598.0	568.0	92	94	93
646.0	616.0	714	713	715
631.0	601.0	776	775	777
631.0	601.0	1017	1020	488
665.0	635.0	900	899	1087
666.0	636.0	890	889	891
701.0	671.0	462	461	463
712.0	682.0	1309	1308	1310
715.0	685.0	1100	1099	1101
729.0	699.0	1000	999	1001
79.0	59.0	395	396
86.0	66.0	567	568
98.0	78.0	411	412
98.0	78.0	974	975
113.0	93.0	204	205
127.0	107.0	474	475
129.0	109.0	929	230
152.0	132.0	1233	1234
152.0	132.0	173	174
152.0	132.0	904	905
134.0	114.0	1189	1190
144.0	124.0	569	570
160.0	140.0	179	208
170.0	150.0	264	265
212.0	192.0	838	1096
199.0	179.0	658	659
210.0	190.0	855	856
221.0	201.0	1037	1038
294.0	274.0	388	389
284.0	264.0	994	995
290.0	270.0	997	998
320.0	300.0	252	253
322.0	302.0	818	387
330.0	310.0	484	709
362.0	342.0	769	1104
350.0	330.0	937	1177
351.0	331.0	1106	857
392.0	372.0	779	197
373.0	353.0	34	35
373.0	353.0	553	554
375.0	355.0	476	509
386.0	366.0	734	735
415.0	395.0	476	477
456.0	436.0	837	1093
491.0	471.0	1	2
496.0	476.0	742	743
511.0	491.0	874	875
516.0	496.0	513	514
550.0	530.0	772	1237
552.0	532.0	103	104
583.0	563.0	708	1286
600.0	580.0	1006	1007
607.0	587.0	437	399
613.0	593.0	1287	762
629.0	609.0	972	973
634.0	614.0	1238	1239
692.0	672.0	773	774
684.0	664.0	71	1159
690.0	670.0	481	1016
716.0	696.0	1281	1282
656.0	566.0	627	626	1098	848	847	631	630	629	628
776.0	706.0	1265	1264	1025	1024	853	852	851
553.0	493.0	1249	1248	1247	1246	596	1250
711.0	621.0	1083	1108	1012	1011	1010	1009	595	594	1084
611.0	531.0	564	563	562	1010	560	559	566	565

Costs
MyIndex
