Costs	Duration	Task_1	Task_2	Task_3	Task_4	Task_5	Task_6	Task_7	Task_8	Task_9	Task_10	Task_11	Task_12
106.0	96.0	765
87.0	77.0	555
86.0	76.0	1796
116.0	106.0	1277
147.0	137.0	2094
55.0	45.0	991
50.0	40.0	1892
787.0	667.0	1294	1293	1292	1291	1290	1289	2023	2022	2021	410	409	408
794.0	674.0	2219	2218	2217	2216	2215	2214	2213	2212	2211	1981	1980	1979
824.0	704.0	1070	1069	1068	1067	2160	2159	1954	1953	1952	1951	1950	1949
732.0	622.0	341	340	339	19	18	17	16	345	344	343	342
799.0	689.0	465	464	463	462	461	460	459	458	1186	1185	1184
800.0	690.0	1962	1961	1960	1959	263	262	261	260	259	258	891
816.0	706.0	1974	1973	1972	1971	1970	1969	1968	1978	1977	1976	1975
818.0	708.0	96	95	94	93	92	517	516	425	424	423	97
727.0	627.0	1363	1362	1371	1370	1369	1368	1367	1366	1365	1364
744.0	644.0	250	249	1283	777	776	832	831	830	829	828
783.0	683.0	2234	706	705	704	2240	2239	2238	2237	2236	2235
786.0	686.0	749	748	486	431	1661	1660	1659	1658	1657	1656
789.0	689.0	1415	1414	24	23	22	21	20	284	283	1416
792.0	692.0	2285	2284	2283	2282	2281	1705	1704	1703	1702	1701
797.0	697.0	971	970	969	425	424	423	97	1735	95	94
799.0	699.0	205	204	203	202	201	200	199	198	197	367
807.0	707.0	730	729	728	727	726	725	724	723	722	731
809.0	709.0	1806	1805	717	716	1804	1803	636	635	634	633
814.0	714.0	1410	1307	1306	1194	1193	1192	1191	1413	1412	1411
815.0	715.0	2166	2165	1744	1743	1742	1741	1740	1739	2168	2167
817.0	717.0	2132	2302	2301	2300	2185	2184	2183	2182	2181	2133
627.0	537.0	299	298	297	296	295	815	1538	1537	1536
648.0	558.0	8	1640	1639	1638	1637	1636	1635	687	686
662.0	572.0	2151	2150	2258	881	880	879	2154	2153	2152
700.0	610.0	1619	1618	1617	1616	445	444	443	1621	1620
705.0	615.0	335	334	333	332	1781	1780	338	337	336
726.0	636.0	1106	1105	1104	1112	1111	1110	1109	1108	1107
728.0	638.0	1811	1810	1809	957	956	955	954	953	2057
733.0	643.0	181	180	179	178	177	176	175	174	182
754.0	664.0	2188	2248	236	235	234	233	232	2190	2189
754.0	664.0	1296	1295	407	406	1596	1595	1594	1593	1592
757.0	667.0	853	432	485	1876	1875	857	856	855	854
764.0	674.0	852	1470	221	220	219	218	217	434	433
769.0	679.0	96	1734	1733	2171	2170	2169	1738	1737	1736
770.0	680.0	718	170	169	1001	1000	999	998	720	719
777.0	687.0	576	501	1758	1278	1802	1801	399	398	1759
781.0	691.0	46	45	44	43	42	1089	1088	2068	2067
790.0	700.0	1131	1130	1079	1078	1077	1076	1075	1133	1132
790.0	700.0	1285	1284	248	247	246	245	244	1287	1286
792.0	702.0	1567	278	277	276	275	274	273	272	1568
794.0	704.0	790	789	797	796	795	794	1092	792	791
795.0	705.0	155	14	2280	2279	15	844	1527	2277	843
795.0	705.0	326	325	1148	1147	1146	1145	1144	328	327
798.0	708.0	561	560	559	558	557	231	230	2251	2250
800.0	710.0	2297	2296	2295	2294	2293	2292	2291	2290	2298
810.0	720.0	229	228	227	226	225	224	223	222	560
625.0	545.0	422	421	420	419	418	1779	1778	98
633.0	553.0	1249	917	916	915	914	913	912	911
642.0	562.0	904	1242	1241	1240	1239	1238	1237	1244
651.0	571.0	1722	1721	1720	1844	1843	1842	1724	1723
658.0	578.0	2277	843	842	841	1604	1603	1602	1601
659.0	579.0	366	212	211	210	209	208	207	206
664.0	584.0	1609	1608	1607	1606	1605	1925	1924	1923
672.0	592.0	1388	1387	1625	1624	1623	1622	1390	1389
689.0	609.0	2029	2028	2027	2026	2025	2024	2031	2030
699.0	619.0	803	802	801	800	799	798	1692	804
701.0	621.0	2045	2044	2043	2042	2041	2040	1670	1669
701.0	621.0	2246	2245	2244	2243	2242	2241	703	2247
701.0	621.0	2202	2201	2200	1300	1299	2205	2204	2203
704.0	624.0	429	428	427	426	1359	1358	1357	1356
709.0	629.0	1227	1226	1510	1509	1508	1507	1506	1228
711.0	631.0	1441	1440	1439	1438	1437	1436	1435	1340
711.0	631.0	767	766	826	825	824	823	822	821
722.0	642.0	1276	1275	1274	1273	1272	2003	2002	2001
722.0	642.0	2120	2119	742	741	740	739	2122	2121
725.0	645.0	27	26	25	615	614	613	612	28
725.0	645.0	1942	1004	1003	1002	1946	1945	1944	1943
727.0	647.0	783	1189	1188	1187	1033	1343	785	784
728.0	648.0	836	835	834	833	886	885	884	837
736.0	656.0	1233	1232	1231	1230	1229	680	679	1234
737.0	657.0	1243	1597	910	909	908	907	906	905
738.0	658.0	649	648	647	1857	1856	1405	651	650
740.0	660.0	950	949	948	2098	946	873	872	951
741.0	661.0	581	580	579	578	721	584	583	582
744.0	664.0	108	107	759	758	757	756	755	754
751.0	671.0	2126	2125	2124	2123	2080	2079	2078	2127
753.0	673.0	1065	1064	1063	1118	1578	1217	1216	1066
754.0	674.0	1907	1859	1858	1135	1134	646	1909	1908
759.0	679.0	1420	1419	1418	1417	1652	1651	1650	487
762.0	682.0	1081	1080	1129	1851	1850	11	964	963
769.0	689.0	921	920	927	926	925	924	923	922
795.0	715.0	1246	1245	147	146	145	1249	1248	1247
775.0	695.0	183	538	537	536	535	534	533	184
776.0	696.0	1503	1502	1501	1717	1716	1715	1505	1504
777.0	697.0	1591	1590	1589	1588	1587	1586	1642	1641
777.0	697.0	717	768	876	875	883	882	881	880
778.0	698.0	1422	1530	1991	1990	294	293	292	291
781.0	701.0	391	390	389	764	763	762	761	760
781.0	701.0	153	152	2224	2223	2222	2221	2220	154
781.0	701.0	903	2226	2225	101	100	99	1777	1776
787.0	707.0	1458	1457	1456	1455	1454	1461	1460	1459
793.0	713.0	862	861	860	67	66	65	814	813
794.0	714.0	1141	1140	1139	1087	1086	1085	1143	1142
795.0	715.0	1205	1204	1203	605	2038	2037	1790	1789
799.0	719.0	977	976	975	974	981	980	979	978
800.0	720.0	1513	1512	1519	1518	1517	1516	1515	1514
800.0	720.0	1223	1222	1221	1220	1219	1288	1225	1224
550.0	480.0	1159	1158	1157	1163	1162	1161	1160
580.0	510.0	142	141	140	1137	1136	144	143
592.0	522.0	619	1166	1165	1541	1540	1539	394
623.0	553.0	548	547	1235	1406	551	550	549
649.0	579.0	1395	1394	1393	1392	1391	1397	1396
655.0	585.0	850	849	848	847	846	845	851
657.0	587.0	1473	1472	1471	1996	1995	1475	1474
662.0	592.0	2085	492	491	490	489	488	2086
666.0	596.0	1665	1664	1663	493	2249	2131	2130
681.0	611.0	2016	540	539	467	466	2018	2017
686.0	616.0	1262	1099	1098	2039	1265	1264	1263
694.0	624.0	1848	1847	188	187	186	185	135
701.0	631.0	1634	1633	1632	1631	1630	689	688
706.0	636.0	677	676	1282	1281	1280	1279	678
736.0	666.0	413	412	411	2020	2019	415	414
717.0	647.0	2228	2227	2233	2232	2231	2230	2229
717.0	647.0	1139	267	266	326	325	324	323
718.0	648.0	1878	1877	1883	1882	1881	1880	1879
719.0	649.0	387	386	385	384	383	382	388
719.0	649.0	473	472	898	897	896	475	474
720.0	650.0	103	102	151	150	149	148	104
723.0	653.0	1987	1986	1985	1361	1360	1989	1988
743.0	673.0	1255	1254	1253	1693	1258	1257	1256
724.0	654.0	35	34	1183	1182	1181	1180	1179
728.0	658.0	1521	1520	1526	1525	1524	1523	1522
729.0	659.0	1668	1667	1666	2129	2128	2192	2191
729.0	659.0	47	2066	2065	2064	2063	49	48
730.0	660.0	868	867	866	865	864	863	869
730.0	660.0	1082	962	961	960	959	1084	1083
734.0	664.0	1868	1867	1866	1872	1871	1870	1869
739.0	669.0	1497	1714	1713	1712	1500	1499	1498
742.0	672.0	1170	1169	1168	1167	1754	1753	395
747.0	677.0	1914	1913	1912	1911	1910	1916	1915
747.0	677.0	543	542	541	1236	546	545	544
747.0	677.0	1965	1964	1963	890	889	888	1966
749.0	679.0	732	738	737	736	735	734	733
750.0	680.0	2262	2261	2260	1906	1905	1904	1903
776.0	706.0	2134	1674	1673	1672	2137	2136	2135
758.0	688.0	370	369	368	367	366	365	371
759.0	689.0	937	936	935	941	940	939	938
759.0	689.0	1260	1259	1103	1102	1101	1100	1261
760.0	690.0	1375	1374	1373	1372	1378	1377	1376
760.0	690.0	1569	2036	2035	2034	2033	2032	1570
761.0	691.0	516	515	514	89	478	477	476
764.0	694.0	2087	2305	2304	2303	562	2089	2088
764.0	694.0	1897	1896	1895	1841	1840	1839	1838
765.0	695.0	2108	2107	1404	1403	1402	1401	2109
765.0	695.0	895	894	893	892	1448	1447	1446
766.0	696.0	2269	513	691	690	13	12	515
767.0	697.0	347	346	352	351	350	349	348
768.0	698.0	551	900	899	471	1773	1772	1301
769.0	699.0	930	929	928	927	926	932	931
771.0	701.0	1321	1320	112	111	110	109	1322
773.0	703.0	59	58	1465	1464	1463	1462	1874
774.0	704.0	1561	1560	1566	1565	1564	1563	1562
776.0	706.0	659	658	53	52	51	50	660
777.0	707.0	1408	1407	364	363	1309	1308	1409
778.0	708.0	1200	1199	1198	1197	1196	1195	1201
782.0	712.0	1351	1350	1349	1348	1456	1253	1252
783.0	713.0	1654	1653	282	281	280	279	1655
783.0	713.0	137	136	1400	1399	1398	139	138
785.0	715.0	256	255	254	253	252	251	257
786.0	716.0	530	529	528	527	526	532	531
444.0	384.0	1386	1385	1384	1383	1627	1626
483.0	423.0	1681	1680	1685	1684	1683	1682
467.0	407.0	1303	1302	694	693	1305	1304
475.0	415.0	995	994	993	992	997	996
479.0	419.0	321	320	319	318	317	322
527.0	467.0	1150	1149	1154	1153	1152	1151
552.0	492.0	1709	1708	1051	1926	1053	1052
552.0	492.0	2271	2270	968	2274	2273	2272
563.0	503.0	195	194	193	192	191	196
575.0	515.0	770	769	716	715	714	771
587.0	527.0	1835	1900	1899	1898	1837	1836
663.0	603.0	2093	2092	2255	2254	2253	2252
663.0	603.0	1573	1572	1571	1576	1575	1574
671.0	611.0	2075	2074	2073	2072	2077	2076
675.0	615.0	1423	611	610	523	522	1424
679.0	619.0	712	711	710	709	708	530
684.0	624.0	1920	1919	2118	2117	2116	2115
704.0	644.0	1547	2100	674	673	672	1548
688.0	628.0	1482	1481	1480	1485	1484	1483
710.0	650.0	1600	1529	1528	2278	2277	843
713.0	653.0	1353	1352	1251	1250	1355	1354
695.0	635.0	495	494	113	300	1542	1164
699.0	639.0	456	455	454	453	452	1846
706.0	646.0	1934	1933	1615	1614	1486	1935
716.0	656.0	596	595	594	593	417	416
719.0	659.0	328	271	270	653	330	329
721.0	661.0	1073	1072	1071	1948	1947	1074
722.0	662.0	1889	1888	1887	1886	1885	2306
722.0	662.0	1269	1268	1267	1266	1271	1270
726.0	666.0	190	189	1032	1031	1815	1814
749.0	689.0	1921	2114	2113	1747	1746	1044
735.0	675.0	1452	1451	1036	1035	1034	1453
739.0	679.0	1317	812	811	810	1319	1318
739.0	679.0	592	591	590	589	588	1967
740.0	680.0	641	640	36	644	643	642
742.0	682.0	565	564	563	568	567	566
742.0	682.0	747	746	745	744	743	1421
743.0	683.0	1342	1341	1090	788	787	786
744.0	684.0	57	603	1469	1468	1467	1466
746.0	686.0	1994	1993	1992	1478	1477	1476
746.0	686.0	1808	1807	632	631	630	958
747.0	687.0	599	598	597	2071	601	600
748.0	688.0	2176	2175	2174	2173	2172	2177
751.0	691.0	1770	1769	1768	1767	1766	1771
756.0	696.0	2257	2256	504	503	502	1800
757.0	697.0	1864	1038	1037	2106	2105	1865
760.0	700.0	2140	2139	2138	239	238	237
760.0	700.0	1827	1826	1825	934	933	1828
762.0	702.0	1787	1698	702	701	700	699
763.0	703.0	1211	1210	63	62	61	437
763.0	703.0	1445	1444	1443	361	265	264
765.0	705.0	1202	1610	1609	1608	1607	606
766.0	706.0	1488	1487	1932	1931	1613	1489
766.0	706.0	919	918	2289	2288	2287	2286
766.0	706.0	1728	1727	1726	1725	1730	1729
766.0	706.0	315	314	313	84	1337	316
767.0	707.0	1190	692	512	511	902	901
769.0	709.0	483	482	481	480	479	484
771.0	711.0	1314	1313	1312	1311	1316	1315
775.0	715.0	312	41	40	39	38	37
776.0	716.0	1551	1550	1549	1554	1553	1552
780.0	720.0	1902	510	509	508	7	6
356.0	306.0	401	400	1761	1760	402
432.0	382.0	1116	1115	1114	1113	1117
473.0	423.0	1677	1676	1675	1679	1678
484.0	434.0	373	372	376	375	374
490.0	440.0	1023	1022	1021	1020	1024
494.0	444.0	622	1379	120	624	623
519.0	469.0	780	779	778	782	781
522.0	472.0	667	666	665	1750	1749
529.0	479.0	2084	2083	2082	2081	1662
531.0	481.0	2266	2265	2264	2263	10
548.0	498.0	1330	1329	1328	1327	1331
557.0	507.0	1049	1048	1047	1707	1706
573.0	523.0	83	82	81	1339	1338
580.0	530.0	2194	2193	1671	304	2195
592.0	542.0	1533	1532	1531	1535	1534
623.0	573.0	1794	1793	1792	1791	1795
633.0	583.0	818	817	816	820	819
621.0	571.0	1928	1927	1050	1930	1929
621.0	571.0	80	79	2010	2009	827
636.0	586.0	2012	2011	2015	2014	2013
638.0	588.0	808	807	806	698	809
640.0	590.0	496	116	115	114	303
646.0	596.0	1209	1208	1207	1206	64
651.0	601.0	1495	1494	1493	1492	1496
671.0	621.0	356	355	354	353	357
671.0	621.0	166	165	1332	168	167
678.0	628.0	378	377	381	380	379
687.0	637.0	1433	448	447	446	1434
705.0	655.0	1018	1017	1016	1015	1019
709.0	659.0	134	133	132	131	1849
712.0	662.0	468	1732	1731	470	469
719.0	669.0	2000	1999	1998	1997	31
724.0	674.0	838	87	967	966	965
725.0	675.0	1645	1644	1643	1599	1598
730.0	680.0	662	661	1984	664	663
730.0	680.0	269	268	1138	655	654
730.0	680.0	2059	2058	2062	2061	2060
735.0	685.0	1546	1577	1061	2102	2101
741.0	691.0	1043	1042	1041	1040	1310
743.0	693.0	1459	1458	1457	1816	657
744.0	694.0	1862	1861	1860	1039	1863
759.0	709.0	310	309	308	127	126
762.0	712.0	85	639	638	637	86
764.0	714.0	1014	1013	1012	30	29
318.0	278.0	242	241	240	243
348.0	308.0	840	519	518	969
353.0	313.0	397	396	577	1799
412.0	372.0	157	156	159	158
414.0	374.0	526	1059	1058	713
441.0	401.0	2112	2111	2110	1818
459.0	419.0	56	55	54	604
461.0	421.0	1822	1821	1824	1823
461.0	421.0	772	1511	774	773
472.0	432.0	450	449	311	451
495.0	455.0	616	1755	618	617
497.0	457.0	1581	1580	1579	1582
499.0	459.0	751	750	753	752
502.0	462.0	1648	1647	1646	1649
507.0	467.0	1347	1346	1008	656
538.0	498.0	1345	1344	1557	1009
518.0	478.0	125	124	123	1432
540.0	500.0	2149	2148	1763	1762
528.0	488.0	72	71	70	73
535.0	495.0	984	983	982	985
543.0	503.0	68	859	858	69
568.0	528.0	77	76	75	78
581.0	541.0	2196	1830	1829	671
585.0	545.0	1382	1381	1380	625
592.0	552.0	506	505	1585	1584
603.0	563.0	839	88	91	90
609.0	569.0	2047	2046	2049	2048
618.0	578.0	1091	1094	1093	793
656.0	616.0	1918	1917	1983	1982
657.0	617.0	1334	1333	1336	1335
661.0	621.0	1173	1172	1175	1174
668.0	628.0	1123	1122	1121	1124
690.0	650.0	1901	3	1765	1764
706.0	666.0	1326	1325	121	122
719.0	679.0	943	942	570	569
719.0	679.0	1628	2052	2051	1629
721.0	681.0	393	392	871	870
742.0	702.0	1711	1710	1055	1054
722.0	682.0	358	952	128	629
731.0	691.0	1745	331	1097	1096
753.0	713.0	1812	2056	2055	1813
742.0	702.0	609	608	607	1820
746.0	706.0	697	696	695	805
752.0	712.0	302	301	119	118
760.0	720.0	1450	1449	552	652
190.0	160.0	2179	2178	2180
254.0	224.0	2144	2143	2145
264.0	234.0	1029	1028	1030
267.0	237.0	620	439	621
269.0	239.0	627	626	628
273.0	243.0	1939	1938	1940
276.0	246.0	165	164	1941
320.0	290.0	1428	1427	1429
338.0	308.0	441	440	442
344.0	314.0	162	161	163
354.0	324.0	1690	1689	1691
436.0	406.0	1176	1178	1177
460.0	430.0	1060	525	33
502.0	472.0	1007	1006	362
530.0	500.0	305	307	306
533.0	503.0	1545	74	1218
538.0	508.0	1687	1686	1688
541.0	511.0	2070	2069	602
550.0	520.0	1062	130	129
558.0	528.0	497	117	498
558.0	528.0	214	213	215
569.0	539.0	987	986	524
598.0	568.0	393	438	2004
645.0	615.0	945	944	874
668.0	638.0	572	571	573
678.0	648.0	1095	60	1045
679.0	649.0	1756	1171	1757
688.0	658.0	1025	1027	1026
698.0	668.0	2054	2053	1005
727.0	697.0	1213	1212	1214
743.0	713.0	2259	5	4
748.0	718.0	403	405	404
86.0	66.0	2161	2162
113.0	93.0	499	500
116.0	96.0	1831	1832
145.0	125.0	105	106
152.0	132.0	1155	1156
152.0	132.0	2267	2268
156.0	136.0	2275	2276
137.0	117.0	1936	1937
160.0	140.0	574	575
142.0	122.0	1	2
144.0	124.0	2163	2164
162.0	142.0	2141	2142
164.0	144.0	1323	1324
176.0	156.0	1583	507
183.0	163.0	2005	2006
191.0	171.0	1893	1894
212.0	192.0	1056	1057
208.0	188.0	1884	1479
213.0	193.0	2146	2147
215.0	195.0	1430	1431
257.0	237.0	1543	1544
240.0	220.0	1819	221
284.0	264.0	553	554
295.0	275.0	707	1425
320.0	300.0	1748	1749
324.0	304.0	1752	1215
330.0	310.0	216	435
330.0	310.0	1555	1556
351.0	331.0	1426	990
362.0	342.0	1558	1559
364.0	344.0	520	521
398.0	378.0	1010	1011
428.0	408.0	1873	1046
463.0	443.0	972	973
485.0	465.0	988	989
491.0	471.0	2007	2008
516.0	496.0	360	1442
517.0	497.0	436	1751
526.0	506.0	1817	1011
526.0	506.0	32	359
510.0	490.0	2050	2008
607.0	587.0	1890	1891
633.0	613.0	1774	1775
634.0	614.0	1833	1834
640.0	620.0	2103	2104
692.0	672.0	1490	1491
699.0	679.0	670	2197
699.0	679.0	668	669
684.0	664.0	1797	1798
692.0	672.0	2198	2199
725.0	705.0	160	556
808.0	718.0	2096	2095	1120	1119	2101	2100	2099	947	2097
645.0	555.0	1126	1125	645	1855	1854	1853	1852	1128	1127
773.0	693.0	685	684	683	682	681	887	775	9
784.0	694.0	2208	2207	2206	1298	1297	1296	1295	2210	2209
724.0	654.0	1782	1788	1787	1786	1785	1784	1783
784.0	694.0	586	585	173	172	171	2155	878	877	587
781.0	701.0	720	719	1283	675	457	1845	1719	1718
787.0	717.0	1956	1955	2158	2157	2156	1958	1957
709.0	639.0	1922	290	289	288	287	286	285
637.0	557.0	1611	2091	2090	2089	2187	2186	2299	1612
723.0	643.0	1699	430	1697	1696	1695	1694	24	1700

Costs
MyIndex
