Costs	Duration	Task_1	Task_2	Task_3	Task_4	Task_5	Task_6	Task_7	Task_8	Task_9
63.0	53.0	61
31.0	21.0	129
71.0	61.0	20
46.0	36.0	144
119.0	109.0	39
189.0	179.0	15
189.0	179.0	3
418.0	408.0	150
79.0	69.0	134
248.0	238.0	4
205.0	195.0	5
67.0	57.0	155
39.0	29.0	143
147.0	137.0	77
103.0	93.0	14
27.0	17.0	159
79.0	69.0	19
743.0	653.0	102	101	100	99	54	53	52	51	103
662.0	592.0	105	104	50	49	48	107	106
671.0	601.0	110	109	108	38	37	36	56
391.0	341.0	148	147	146	145	149
410.0	360.0	122	121	120	119	123
542.0	492.0	162	161	160	164	163
748.0	698.0	138	137	136	135	139
249.0	209.0	8	7	6	9
274.0	234.0	25	24	23	26
276.0	236.0	57	56	55	58
399.0	359.0	80	79	78	81
508.0	468.0	97	96	95	98
514.0	474.0	169	168	171	170
648.0	608.0	41	40	43	42
666.0	626.0	152	151	154	153
731.0	691.0	67	66	69	68
119.0	89.0	117	116	118
149.0	119.0	173	172	174
265.0	235.0	177	176	178
320.0	290.0	166	165	167
340.0	310.0	83	82	84
341.0	311.0	30	29	31
356.0	326.0	114	113	115
358.0	328.0	12	11	13
441.0	411.0	140	142	141
505.0	475.0	88	90	89
567.0	537.0	86	85	87
554.0	524.0	127	126	128
715.0	685.0	74	76	75
41.0	21.0	124	125
52.0	32.0	21	22
64.0	44.0	130	131
105.0	85.0	32	33
114.0	94.0	34	35
114.0	94.0	46	47
127.0	107.0	156	157
138.0	118.0	62	63
149.0	129.0	132	133
164.0	144.0	18	7
165.0	145.0	72	73
208.0	188.0	64	65
210.0	190.0	59	60
240.0	220.0	91	92
254.0	234.0	111	112
271.0	251.0	70	71
285.0	265.0	16	17
339.0	319.0	1	2
334.0	314.0	44	45
356.0	336.0	27	28
375.0	355.0	158	179
379.0	359.0	93	94
521.0	501.0	175	10

Costs
MyIndex
