Costs	Duration	Task_1	Task_2	Task_3	Task_4	Task_5	Task_6	Task_7	Task_8	Task_9	Task_10	Task_11	Task_12	Task_13
87.0	77.0	54
106.0	96.0	1057
116.0	106.0	1383
98.0	88.0	1
74.0	64.0	504
86.0	76.0	1927
84.0	74.0	1930
147.0	137.0	837
204.0	194.0	1312
55.0	45.0	93
50.0	40.0	1181
812.0	682.0	692	691	1205	1204	1203	1202	1201	1200	1199	2396	2395	694	693
834.0	704.0	1884	1883	1608	1607	34	33	32	31	30	1888	1887	1886	1885
814.0	694.0	1047	1046	2083	2082	2081	2080	1782	1781	1780	1779	1778	1048
828.0	708.0	126	125	124	123	122	121	120	119	130	129	128	127
839.0	719.0	286	285	284	283	282	281	2707	1132	2623	2622	2621	2620
785.0	675.0	1296	1963	1962	1961	1960	1959	1297	79	78	797	796
789.0	679.0	2563	2562	2561	2560	1548	1547	2465	2464	2463	2462	2461
807.0	697.0	1634	1633	1632	1631	1630	1031	2060	2059	1438	1437	1436
816.0	706.0	1144	1143	1142	1141	1140	1139	1138	1148	1147	1146	1145
816.0	706.0	1813	1812	1811	1810	1809	1808	1388	2279	2278	1815	1814
820.0	710.0	684	683	623	622	621	620	619	893	892	686	685
820.0	710.0	1635	1435	1434	610	609	608	809	2224	2223	2222	2221
821.0	711.0	865	864	863	862	861	860	859	869	868	867	866
827.0	717.0	1028	742	741	740	739	738	737	736	735	734	1029
658.0	558.0	754	525	524	523	522	2289	288	287	67	66
694.0	594.0	1395	1394	617	616	936	935	614	476	475	1396
701.0	601.0	2293	2292	2291	2290	1483	1482	1481	1480	2295	2294
733.0	633.0	995	994	993	1002	1001	1000	999	998	997	996
786.0	686.0	2567	2566	2565	2564	1912	2572	2571	2570	2569	2568
791.0	691.0	175	174	173	172	2343	2342	1688	1687	1686	1685
792.0	692.0	765	764	2124	2123	2122	2121	2120	2119	2530	2529
795.0	695.0	2030	402	401	400	399	2238	882	881	880	879
796.0	696.0	1860	156	155	154	2334	2333	1527	1526	1525	1524
798.0	698.0	2260	2259	2258	2257	2256	2255	995	994	993	2261
799.0	699.0	1064	1063	1062	1061	1385	1384	1195	1194	1256	1255
803.0	703.0	327	326	325	324	323	1032	2392	2391	329	328
808.0	708.0	1442	1441	1440	1909	1908	1033	1446	1445	1444	1443
813.0	713.0	549	548	547	1234	1233	1232	553	552	551	550
817.0	717.0	1168	1790	1789	1788	1787	1173	1172	1171	1170	1169
818.0	718.0	1904	1903	1902	1065	934	933	932	847	846	1905
631.0	541.0	228	227	226	26	25	24	23	75	1357
658.0	568.0	2501	2377	2376	2375	2374	2373	2372	2503	2502
684.0	594.0	1730	1729	1728	801	800	645	644	804	803
693.0	603.0	1085	2074	2073	2072	2071	2070	2069	394	393
702.0	612.0	2359	2358	2357	1656	2364	2363	2362	2361	2360
718.0	628.0	2490	2489	2488	1107	1106	1105	1104	1103	1102
723.0	633.0	341	340	339	338	337	336	534	533	532
726.0	636.0	48	47	46	45	44	43	42	41	49
760.0	670.0	2022	2021	2020	2019	2018	2026	2025	2024	2023
742.0	652.0	22	21	20	19	77	76	25	24	23
749.0	659.0	484	483	482	481	480	479	478	2459	2458
753.0	663.0	235	234	233	232	231	230	229	237	236
754.0	664.0	1829	1828	1827	1826	1825	1824	895	894	2336
755.0	665.0	1392	1391	1390	1191	1190	1252	1708	1707	1706
761.0	671.0	1638	380	379	378	377	376	2220	2219	852
769.0	679.0	2015	2014	2013	2012	2011	162	161	2017	2016
770.0	680.0	2410	398	2417	2416	2415	2414	2413	2412	2411
775.0	685.0	989	988	1589	1588	1587	297	296	295	294
776.0	686.0	221	220	219	218	217	216	2187	2186	2185
780.0	690.0	2177	2176	2175	2174	2173	2172	2180	2179	2178
784.0	694.0	690	689	688	687	1721	1720	1208	1207	1206
786.0	696.0	1078	1077	2075	1084	1083	1082	1081	1080	1079
788.0	698.0	301	1334	1333	965	964	2634	799	798	302
788.0	698.0	2714	628	627	626	625	624	682	681	328
789.0	699.0	1075	1546	1545	1544	1543	1542	1541	1540	1539
791.0	701.0	1010	1009	593	592	591	590	589	588	587
792.0	702.0	2176	2175	8	7	1666	518	517	2519	2518
794.0	704.0	375	374	373	372	371	370	983	982	981
795.0	705.0	187	186	1745	139	138	137	190	189	188
796.0	706.0	2636	2635	963	962	961	960	959	958	2637
800.0	710.0	1738	1737	1736	1735	1734	1733	1741	1740	1739
801.0	711.0	2247	2246	2697	2696	2695	2694	2273	2272	2248
801.0	711.0	1351	1350	948	947	946	2290	1580	2254	222
802.0	712.0	668	667	666	665	664	663	1465	1464	2362
802.0	712.0	656	2042	2041	2040	2039	2038	2037	2036	2035
804.0	714.0	2281	1253	1127	1126	1069	1068	1067	1066	2282
806.0	716.0	1420	1419	1418	1417	1416	1157	1156	1155	1684
807.0	717.0	1657	2356	2355	1791	1167	1166	2650	2649	2648
810.0	720.0	658	657	656	655	654	653	652	651	659
810.0	720.0	2580	2579	2578	2577	2576	2575	2574	2573	1224
810.0	720.0	698	697	696	695	2394	2393	2719	2718	2717
649.0	569.0	1099	1239	1238	1237	1236	1235	1101	1100
651.0	571.0	2318	2317	2324	2323	2322	2321	2320	2319
652.0	572.0	1568	1567	1277	2436	2435	2434	2433	2432
673.0	593.0	472	471	470	2441	59	58	474	473
678.0	598.0	1846	1845	1844	1843	313	312	311	310
680.0	600.0	1604	1603	1602	1601	1600	1599	1606	1605
703.0	623.0	1071	2383	2382	2381	2380	2379	2378	1198
704.0	624.0	1025	1024	1023	1022	744	743	1027	1026
712.0	632.0	1578	986	985	1486	1485	1484	1580	1579
715.0	635.0	277	276	275	274	273	272	1430	278
719.0	639.0	2352	2351	2350	2349	2348	2347	2354	2353
721.0	641.0	1836	1835	1834	1833	1832	1831	1830	1837
727.0	647.0	195	194	193	192	50	2431	2430	196
727.0	647.0	1041	1040	1039	1038	1037	1036	1035	1042
760.0	680.0	348	347	579	2533	2532	2531	1089	580
742.0	662.0	2420	2419	448	447	446	445	444	1045
762.0	682.0	63	62	758	757	756	755	65	64
744.0	664.0	2594	2593	2600	2599	2598	2597	2596	2595
746.0	666.0	361	360	359	358	357	356	355	362
747.0	667.0	2182	2454	2453	2452	1353	1352	2184	2183
750.0	670.0	431	430	437	436	435	434	433	432
757.0	677.0	903	902	901	1088	1087	1086	905	904
757.0	677.0	1639	820	427	426	1643	1642	1641	1640
782.0	702.0	824	823	1646	2003	2528	2527	2526	573
763.0	683.0	2193	2192	2191	2198	2197	2196	2195	2194
765.0	685.0	1973	1972	1890	1889	718	717	1975	1974
766.0	686.0	1360	1359	1358	74	73	1453	1362	1361
771.0	691.0	1551	1550	1549	397	396	1675	1674	1673
774.0	694.0	1004	1003	2034	2033	2032	2031	1006	1005
777.0	697.0	1304	1303	1302	87	86	85	84	1305
777.0	697.0	1571	1570	1475	1629	1628	2165	2164	1572
778.0	698.0	1705	1704	2517	2516	2515	2514	2513	2512
779.0	699.0	1258	386	385	384	383	382	1260	1259
779.0	699.0	1866	1865	1864	1863	1862	1861	1868	1867
779.0	699.0	97	96	103	102	101	100	99	98
782.0	702.0	2410	2409	2408	2407	2406	2405	2404	1552
783.0	703.0	139	926	554	2493	2492	2603	2602	2601
783.0	703.0	407	406	405	404	2541	2540	2539	2538
792.0	712.0	662	661	660	1470	1469	1468	1467	1466
794.0	714.0	1616	1615	1614	1613	1612	2084	1618	1617
794.0	714.0	635	634	633	1292	2302	2301	2300	2299
795.0	715.0	711	2240	918	917	304	2200	2199	712
796.0	716.0	223	2403	1672	1671	1670	1669	225	224
796.0	716.0	206	205	204	203	1573	1637	1636	2107
799.0	719.0	1294	1490	1489	1488	990	1668	1667	1295
487.0	417.0	1400	1399	1398	1397	1403	1402	1401
524.0	454.0	364	363	732	731	730	366	365
544.0	474.0	32	118	117	116	2683	2682	710
559.0	489.0	2491	670	669	2361	2360	673	2604
579.0	509.0	1010	1009	1015	1014	1013	1012	1011
590.0	520.0	1160	1159	1158	1732	2477	2476	2475
590.0	520.0	2332	897	896	1823	1822	1529	1528
629.0	559.0	2399	2398	2397	2335	2402	2401	2400
632.0	562.0	390	909	908	907	906	392	391
650.0	580.0	1921	1920	1919	1918	1917	1916	1922
654.0	584.0	537	536	493	492	491	490	538
657.0	587.0	2447	2446	2445	2444	2443	2442	943
658.0	588.0	135	134	133	2737	2736	2735	2734
673.0	603.0	1680	1679	1678	1677	1676	395	1681
673.0	603.0	1775	1774	1773	1772	1771	1777	1776
679.0	609.0	2151	2150	1509	2155	2154	2153	2152
683.0	613.0	2617	2616	2615	2614	2613	2619	2618
689.0	619.0	144	143	1471	317	316	315	314
694.0	624.0	1264	1263	1262	1261	381	1871	1870
695.0	625.0	1805	1804	1942	611	1433	1432	1431
697.0	627.0	2390	2389	2388	2387	631	630	629
729.0	659.0	2449	2448	942	2384	940	2451	2450
711.0	641.0	913	912	911	910	916	915	914
716.0	646.0	1458	1457	1456	1455	1454	1683	1682
719.0	649.0	2269	2585	2584	2583	2582	2271	2270
720.0	650.0	457	456	455	454	453	452	458
742.0	672.0	36	35	1375	40	39	38	37
725.0	655.0	556	258	257	256	255	254	557
726.0	656.0	2591	2590	2589	2588	2587	2586	2592
741.0	671.0	2143	2484	2483	2482	2641	2145	2144
741.0	671.0	884	883	775	774	773	886	885
742.0	672.0	1370	1369	1368	2267	2266	1422	1421
743.0	673.0	4	3	2	746	745	2171	2170
746.0	676.0	787	786	202	201	200	978	929
750.0	680.0	1285	2370	2369	2368	2367	974	1286
776.0	706.0	1174	1474	1473	1472	142	141	140
756.0	686.0	700	699	2716	2715	703	702	701
756.0	686.0	632	2117	2116	2115	2114	2113	1404
757.0	687.0	1517	1516	606	887	2327	2326	841
758.0	688.0	2315	2314	2313	1609	1882	1881	2316
760.0	690.0	2544	1251	1250	1116	1115	1319	2545
763.0	693.0	2051	1896	1626	1631	1630	2053	2052
764.0	694.0	1128	280	2289	2288	2287	1130	1129
765.0	695.0	2666	1759	1758	1757	2669	2668	2667
766.0	696.0	2204	2203	2202	251	250	249	1891
768.0	698.0	1411	1410	1409	1415	1414	1413	1412
769.0	699.0	753	752	530	529	528	527	526
769.0	699.0	1819	1818	1817	1816	1530	1821	1820
769.0	699.0	1122	1121	1899	1070	1125	1124	1123
771.0	701.0	1533	1532	1531	2231	2230	2229	2670
771.0	701.0	2457	2456	2455	2181	487	486	485
771.0	701.0	2065	2064	2063	2062	2061	1030	2066
774.0	704.0	2710	2709	2708	2707	2706	2227	2226
775.0	705.0	1501	1500	1499	1498	2482	2481	2480
778.0	708.0	368	367	733	560	559	558	369
781.0	711.0	2232	293	292	291	290	2234	2233
781.0	711.0	1318	1317	2102	2101	415	1898	1897
784.0	714.0	1644	819	818	817	816	815	429
785.0	715.0	1348	1347	1346	1345	1344	1754	1349
786.0	716.0	709	708	707	2730	2729	1499	1498
786.0	716.0	856	855	1137	1136	1135	1134	1133
788.0	718.0	2662	2661	2660	2659	2665	2664	2663
789.0	719.0	1977	1976	716	715	1559	926	2698
790.0	720.0	1222	1221	1220	1219	1218	2077	2076
285.0	225.0	242	241	240	239	238	243
463.0	403.0	1359	1358	1357	1356	1355	1268
467.0	407.0	761	760	759	900	763	762
522.0	462.0	771	770	769	768	583	351
522.0	462.0	575	574	531	344	343	342
522.0	462.0	1519	2325	1994	1993	1992	1991
536.0	476.0	1566	1565	1381	1380	1379	1982
519.0	459.0	211	210	209	208	213	212
552.0	492.0	1094	779	778	777	776	1095
545.0	485.0	1153	1152	1151	1150	1149	1154
553.0	493.0	1019	1018	1017	1016	1021	1020
559.0	499.0	308	307	306	1611	1610	309
561.0	501.0	1966	1965	1964	2201	1968	1967
563.0	503.0	17	16	15	14	13	18
572.0	512.0	95	94	1931	675	674	927
573.0	513.0	1223	2312	2311	2310	2309	2581
585.0	525.0	2555	2554	2553	215	214	2556
592.0	532.0	1988	1987	1986	1985	1984	1989
593.0	533.0	2487	2486	2485	1744	1743	1742
613.0	553.0	2345	2344	2733	2732	2731	2346
628.0	568.0	2091	2090	2089	2088	2087	2092
644.0	584.0	497	496	1783	500	499	498
646.0	586.0	2427	2426	2322	132	131	1926
667.0	607.0	1768	1767	1328	1327	641	640
669.0	609.0	1947	1946	1945	1950	1949	1948
671.0	611.0	2215	2214	2213	2212	57	56
674.0	614.0	2680	2679	2678	2677	2676	643
676.0	616.0	1934	1933	1932	2048	1936	1935
676.0	616.0	1697	1696	1701	1700	1699	1698
686.0	626.0	1186	1185	1184	1183	1182	274
689.0	629.0	2646	2645	2644	2643	2642	2647
695.0	635.0	2331	1288	1287	425	424	423
698.0	638.0	1793	1792	1797	1796	1795	1794
698.0	638.0	2674	2673	2672	2671	2628	2675
699.0	639.0	2550	2549	2548	2547	2546	2251
703.0	643.0	2028	2027	2026	1553	403	2029
704.0	644.0	569	568	567	566	106	570
711.0	651.0	1561	1560	714	713	2205	1562
719.0	659.0	2470	2469	2468	2467	2466	2471
719.0	659.0	1538	1537	1536	1535	1534	1076
724.0	664.0	678	677	2166	1627	980	979
727.0	667.0	928	2050	2049	1189	1120	1119
728.0	668.0	647	646	1727	1726	1725	1044
728.0	668.0	1901	1900	2218	1703	1702	477
731.0	671.0	441	440	439	438	443	442
732.0	672.0	2006	2005	572	898	828	827
733.0	673.0	1979	1978	595	594	1981	1980
738.0	678.0	2129	2128	2127	2126	2125	29
739.0	679.0	931	930	788	1257	2508	2507
762.0	702.0	1243	1242	1055	781	780	412
742.0	682.0	71	70	69	1265	1869	72
746.0	686.0	1330	1329	1217	1216	1332	1331
766.0	706.0	1854	1518	840	839	838	1520
748.0	688.0	1957	1956	1955	1954	114	113
752.0	692.0	267	266	2739	601	1511	268
761.0	701.0	1653	1652	1651	1650	1649	1654
763.0	703.0	332	331	330	335	334	333
764.0	704.0	1279	1278	1177	1176	1175	1280
764.0	704.0	876	875	1008	1007	878	877
764.0	704.0	578	577	576	495	494	535
765.0	705.0	1043	1165	1164	1163	1162	648
769.0	709.0	1621	1620	1619	1624	1623	1622
770.0	710.0	1487	2263	2262	1874	1873	1872
770.0	710.0	947	946	945	944	858	857
772.0	712.0	1502	2479	1337	1892	248	247
773.0	713.0	541	546	545	544	543	542
774.0	714.0	68	957	956	955	954	1585
779.0	719.0	720	719	2701	2700	2699	721
356.0	306.0	889	1856	1855	1990	890
433.0	383.0	158	157	489	488	1539
441.0	391.0	581	1090	2535	2534	582
441.0	391.0	607	888	810	1857	1856
485.0	435.0	2366	2365	977	976	975
471.0	421.0	350	349	2535	2534	582
509.0	459.0	1450	1449	1448	1910	1451
532.0	482.0	2726	2725	2724	2728	2727
541.0	491.0	1449	1448	1447	2460	1911
544.0	494.0	2689	2688	2687	2686	1971
559.0	509.0	2149	2148	2147	2146	1508
563.0	513.0	2424	2423	2422	802	2425
569.0	519.0	2111	2110	2109	2108	2112
575.0	525.0	1306	83	1309	1308	1307
582.0	532.0	872	871	870	874	873
603.0	553.0	2299	2298	2297	2296	2719
623.0	573.0	1462	1461	1460	1459	1463
631.0	581.0	2226	2225	748	747	1324
633.0	583.0	2169	2168	2167	6	5
634.0	584.0	704	2677	793	792	705
636.0	586.0	1770	1769	639	638	1958
646.0	596.0	1722	1492	1491	992	991
647.0	597.0	2141	2140	1841	1840	2142
669.0	619.0	1284	1283	1282	1281	2371
651.0	601.0	1244	782	1056	2093	413
651.0	601.0	191	136	1655	1847	192
660.0	610.0	2710	1750	2713	2712	2711
661.0	611.0	1894	1893	2429	2428	1895
664.0	614.0	1564	1563	973	972	1382
671.0	621.0	1364	1363	1367	1366	1365
688.0	638.0	1507	1506	1850	727	726
695.0	645.0	1269	1301	1300	1299	1298
696.0	646.0	155	891	2001	2000	1999
712.0	662.0	28	27	1880	1271	1270
713.0	663.0	107	1323	1756	1755	2228
719.0	669.0	1322	1321	1320	1751	565
720.0	670.0	1762	1761	1760	2190	1293
725.0	675.0	1376	1375	1050	1049	971
729.0	679.0	853	984	289	855	854
729.0	679.0	55	1807	1806	2217	2216
730.0	680.0	2653	2652	2651	2655	2654
732.0	682.0	2240	2239	2243	2242	2241
733.0	683.0	177	176	2268	179	178
733.0	683.0	167	171	170	169	168
734.0	684.0	725	724	723	722	1510
734.0	684.0	82	81	80	642	1336
735.0	685.0	1558	1557	1556	459	458
737.0	687.0	2004	1648	1647	574	2525
739.0	689.0	502	501	540	539	503
740.0	690.0	2307	2306	2305	2304	2308
740.0	690.0	1577	1576	1575	1574	987
741.0	691.0	1995	1521	1998	1997	1996
742.0	692.0	2692	2691	2690	1970	2693
747.0	697.0	300	1272	303	706	1335
747.0	697.0	2626	2625	2624	1131	2627
765.0	715.0	2189	2188	2629	1724	1723
768.0	718.0	952	951	298	1586	953
768.0	718.0	516	751	750	749	2660
769.0	719.0	2106	2105	2104	2103	207
279.0	239.0	1765	1764	1763	1766
322.0	282.0	1098	1097	1096	1240
304.0	264.0	1315	1314	1313	1316
306.0	266.0	2252	1662	1661	2253
360.0	320.0	410	409	408	411
346.0	306.0	790	789	2705	791
390.0	350.0	510	509	508	511
394.0	354.0	1074	160	159	1075
403.0	363.0	1343	419	418	417
410.0	370.0	1405	1408	1407	1406
437.0	397.0	831	830	833	832
518.0	478.0	1213	1212	1215	1214
516.0	476.0	1748	1747	1746	319
538.0	498.0	2721	2720	2631	2722
526.0	486.0	1583	1582	1581	1584
528.0	488.0	2210	2209	2208	2211
537.0	497.0	468	467	466	469
563.0	523.0	9	12	11	10
567.0	527.0	1953	1952	1951	1590
568.0	528.0	2684	2683	2682	2685
593.0	553.0	2497	2500	2499	2498
600.0	560.0	1554	1374	1373	1372
605.0	565.0	785	784	783	416
623.0	583.0	1749	2552	2551	320
627.0	587.0	1290	1289	2330	1943
658.0	618.0	2639	2638	2723	2640
645.0	605.0	596	2245	2244	597
674.0	634.0	2438	197	1513	2439
694.0	654.0	2630	112	111	110
680.0	640.0	1197	1196	1073	1072
695.0	655.0	421	420	2658	422
698.0	658.0	306	305	1052	1051
699.0	659.0	514	513	512	515
720.0	680.0	811	1858	813	812
702.0	662.0	2522	2521	2520	2523
704.0	664.0	260	259	262	261
705.0	665.0	1354	2235	1267	1266
707.0	667.0	2132	2135	2134	2133
714.0	674.0	1879	1878	2681	1969
722.0	682.0	806	1625	2043	1848
742.0	702.0	352	772	1093	1092
738.0	698.0	1753	1752	950	949
750.0	710.0	1877	2132	2131	2130
756.0	716.0	1429	1189	1188	1187
759.0	719.0	602	2046	2045	199
159.0	129.0	2099	2098	2100
159.0	129.0	2159	2158	2160
190.0	160.0	1785	1784	1786
190.0	160.0	2338	2337	2339
236.0	206.0	245	244	246
241.0	211.0	843	842	153
242.0	212.0	2162	2161	2163
243.0	213.0	464	463	465
254.0	224.0	148	147	149
260.0	230.0	1341	1340	1342
265.0	235.0	920	919	921
269.0	239.0	637	636	299
273.0	243.0	1799	1798	1800
279.0	249.0	2495	2494	2496
280.0	250.0	1496	1495	1497
281.0	251.0	270	269	271
296.0	266.0	1907	1906	1034
297.0	267.0	1109	1108	1110
320.0	290.0	2328	1058	2329
353.0	323.0	52	51	53
388.0	358.0	264	263	265
404.0	374.0	1802	1801	1803
410.0	380.0	604	603	605
424.0	394.0	807	2704	2703
463.0	433.0	834	836	835
492.0	462.0	1427	1426	1339
494.0	464.0	60	1291	61
508.0	478.0	388	387	389
530.0	500.0	2608	2047	2609
515.0	485.0	925	1377	555
531.0	501.0	899	571	2118
538.0	508.0	2264	1913	1915
538.0	508.0	2558	2557	2559
538.0	508.0	321	2250	322
541.0	511.0	1504	1503	1505
559.0	529.0	598	600	599
562.0	532.0	198	2437	2740
569.0	539.0	89	1695	1428
570.0	540.0	1659	1658	1660
576.0	546.0	2086	2085	1053
579.0	549.0	1273	923	922
606.0	576.0	1371	1274	1555
622.0	592.0	2633	2632	1914
645.0	615.0	2275	2277	2276
631.0	601.0	821	428	822
635.0	605.0	1276	1275	1378
651.0	621.0	2286	2285	1944
673.0	643.0	1246	1245	1247
673.0	643.0	1924	1923	1925
679.0	649.0	1179	1178	1180
681.0	651.0	1452	2265	1838
685.0	655.0	2236	2303	2237
695.0	665.0	2002	2524	1645
699.0	669.0	1494	1493	115
714.0	684.0	2656	2612	2657
725.0	695.0	353	1091	354
726.0	696.0	253	252	2274
741.0	711.0	1710	1709	1711
745.0	715.0	1477	1476	676
748.0	718.0	152	845	844
96.0	76.0	2094	2095
98.0	78.0	766	767
105.0	85.0	561	562
111.0	91.0	2702	808
116.0	96.0	2610	2611
152.0	132.0	507	414
152.0	132.0	345	346
152.0	132.0	1522	1523
152.0	132.0	1514	1515
156.0	136.0	2536	2537
160.0	140.0	1852	1853
144.0	124.0	2067	2068
162.0	142.0	145	146
182.0	162.0	1241	1054
182.0	162.0	1859	814
170.0	150.0	1553	1839
174.0	154.0	1875	1876
176.0	156.0	2340	2341
183.0	163.0	1111	1112
210.0	190.0	2738	2607
212.0	192.0	728	1851
213.0	193.0	150	151
249.0	229.0	1983	1569
235.0	215.0	2542	2543
273.0	253.0	2206	2207
292.0	272.0	563	564
294.0	274.0	1512	2440
295.0	275.0	1338	1310
320.0	300.0	968	969
320.0	300.0	104	105
324.0	304.0	1478	1479
349.0	329.0	108	109
330.0	310.0	2156	2157
330.0	310.0	1325	1326
332.0	312.0	679	680
334.0	314.0	1512	729
351.0	331.0	2096	2097
351.0	331.0	1311	92
425.0	405.0	1928	1929
441.0	421.0	2249	279
485.0	465.0	90	91
516.0	496.0	970	924
526.0	506.0	318	319
507.0	487.0	505	506
603.0	583.0	966	967
699.0	679.0	460	2044
766.0	706.0	2473	2472	650	649	1161	2474
769.0	669.0	1593	1592	1591	795	794	1598	1597	1596	1595	1594
794.0	694.0	1193	1192	1389	2055	2054	2284	2283	2511	2510	2509
733.0	663.0	2606	2605	672	671	462	461	1849
541.0	481.0	1114	1113	1118	1117	1249	1248
660.0	590.0	1230	1229	1228	1227	1226	1225	1231
772.0	662.0	1712	1211	1210	1209	1719	1718	1717	1716	1715	1714	1713
805.0	705.0	585	829	185	184	183	182	181	180	1690	586
729.0	659.0	1694	86	1425	1424	1423	805	88
777.0	687.0	2058	2057	2056	2280	1387	1386	1060	1059	1439
762.0	692.0	1692	1691	1690	1689	585	584	1693
801.0	711.0	613	612	1941	1940	1939	1938	1937	618	1393
796.0	716.0	1665	1664	1663	523	522	521	520	519
790.0	720.0	2504	851	850	849	848	2506	2505
783.0	703.0	1731	2421	2420	449	2418	2079	2078	2478
813.0	713.0	164	163	2010	2009	2008	2007	826	825	166	165
793.0	703.0	937	615	1254	2386	2385	941	940	939	938
687.0	617.0	2139	2138	2137	2136	451	450	1842

Costs
MyIndex
