Costs	Duration	Task_1	Task_2	Task_3	Task_4	Task_5	Task_6	Task_7	Task_8
71.0	61.0	59
36.0	26.0	177
190.0	180.0	63
189.0	179.0	1
219.0	209.0	2
248.0	238.0	65
39.0	29.0	207
147.0	137.0	58
27.0	17.0	123
79.0	69.0	14
744.0	664.0	28	27	26	25	24	193	192	29
789.0	709.0	158	157	156	155	162	161	160	159
682.0	622.0	42	41	40	45	44	43
702.0	642.0	112	111	110	115	114	113
732.0	672.0	100	99	98	97	102	101
403.0	353.0	84	83	82	81	85
592.0	542.0	191	190	189	169	168
610.0	560.0	18	17	21	20	19
629.0	579.0	71	109	108	73	72
657.0	607.0	136	215	214	213	50
670.0	620.0	183	182	181	180	184
733.0	683.0	140	139	143	142	141
740.0	690.0	68	67	66	70	69
276.0	236.0	36	35	34	37
277.0	237.0	32	31	30	33
323.0	283.0	147	146	13	148
431.0	391.0	92	95	94	93
480.0	440.0	229	228	231	230
480.0	440.0	186	185	188	187
495.0	455.0	226	225	224	227
576.0	536.0	134	133	132	135
756.0	716.0	53	52	51	54
119.0	89.0	179	178	80
202.0	172.0	61	60	62
240.0	210.0	222	221	223
247.0	217.0	209	208	210
265.0	235.0	150	149	151
268.0	238.0	4	3	5
320.0	290.0	87	86	88
322.0	292.0	173	118	174
341.0	311.0	166	165	167
342.0	312.0	197	196	198
430.0	400.0	126	128	127
441.0	411.0	204	206	205
449.0	419.0	130	129	131
452.0	422.0	90	89	91
514.0	484.0	106	105	107
567.0	537.0	47	46	48
554.0	524.0	75	74	76
621.0	591.0	10	12	11
661.0	631.0	49	138	137
715.0	685.0	55	57	56
52.0	32.0	78	79
66.0	46.0	163	164
82.0	62.0	116	117
98.0	78.0	124	125
114.0	94.0	194	195
138.0	118.0	211	212
149.0	129.0	103	104
190.0	170.0	218	219
212.0	192.0	199	200
210.0	190.0	38	39
235.0	215.0	232	233
221.0	201.0	175	176
224.0	204.0	153	154
234.0	214.0	15	16
257.0	237.0	202	203
265.0	245.0	22	23
339.0	319.0	8	9
320.0	300.0	6	7
375.0	355.0	122	152
391.0	371.0	201	220
459.0	439.0	64	9
487.0	467.0	216	217
512.0	492.0	96	77
711.0	691.0	144	145
675.0	615.0	119	172	171	170	121	120

Costs
MyIndex
