Costs	Duration	Task_1	Task_2	Task_3	Task_4	Task_5	Task_6	Task_7	Task_8	Task_9	Task_10	Task_11
37.0	27.0	1411
87.0	77.0	1215
86.0	76.0	1408
116.0	106.0	723
147.0	137.0	352
34.0	24.0	1947
204.0	194.0	660
54.0	44.0	1437
50.0	40.0	618
55.0	45.0	1118
729.0	619.0	871	870	461	460	459	458	457	732	731	873	872
750.0	640.0	988	987	986	142	141	140	139	982	981	990	989
751.0	641.0	1393	1392	881	880	879	878	877	876	875	2211	1394
798.0	688.0	78	77	76	75	28	780	779	967	1166	1165	1164
816.0	706.0	2218	2217	2216	2215	2214	2213	2212	2222	2221	2220	2219
668.0	568.0	376	949	948	947	946	1266	1265	1264	1263	1758
707.0	607.0	847	846	700	699	698	697	851	850	849	848
739.0	639.0	2153	2152	2151	2150	2149	2148	2147	2146	2145	2154
748.0	648.0	591	590	626	625	932	931	930	929	928	927
754.0	654.0	776	775	774	773	1276	1275	1274	1273	778	777
768.0	668.0	1100	640	639	638	637	646	645	644	643	642
774.0	674.0	1842	1841	1840	56	55	54	1575	1574	1844	1843
781.0	681.0	1331	1330	1329	1732	1878	1877	1786	1785	1784	1783
782.0	682.0	1154	1153	1152	1151	1150	1159	1158	1157	1156	1155
790.0	690.0	1464	636	1462	1461	1460	884	1468	1467	1466	1465
795.0	695.0	1703	1702	2058	2057	2056	2055	2054	680	1607	1606
808.0	708.0	474	473	472	471	758	479	478	477	476	475
813.0	713.0	241	2157	1572	1571	1570	1569	1568	1567	1566	1565
814.0	714.0	335	334	333	1008	1007	1006	1005	1752	1751	1750
815.0	715.0	1745	1744	490	489	488	2111	2110	2109	2108	2107
552.0	462.0	1207	1206	1205	1204	1203	1710	1709	1209	1208
709.0	619.0	2178	2177	2185	2184	2183	2182	2181	2180	2179
712.0	622.0	1391	1390	1389	1388	1387	1386	1385	682	681
716.0	626.0	156	155	154	153	152	160	159	158	157
727.0	637.0	1096	1095	14	601	600	599	598	481	480
753.0	663.0	147	146	145	2081	2080	1793	1792	1791	1790
763.0	673.0	1270	1163	1162	1161	1160	1434	1433	1272	1271
764.0	674.0	1312	1311	1310	1309	1308	1307	1306	1305	1313
786.0	696.0	2039	2038	1371	1370	1369	2043	2042	2041	2040
771.0	681.0	179	448	447	185	184	183	182	181	180
772.0	682.0	1585	1584	1860	1859	1858	1857	1856	1855	1854
780.0	690.0	2083	2082	2090	2089	2088	2087	2086	2085	2084
782.0	692.0	1729	1728	1727	2247	2246	2245	502	501	2046
784.0	694.0	1383	1382	730	729	728	462	869	868	1384
786.0	696.0	2097	2096	2095	2094	366	365	2100	2099	2098
787.0	697.0	1514	1513	1512	1511	1034	1033	1032	1516	1515
799.0	709.0	1245	1244	938	937	936	935	1248	1247	1246
806.0	716.0	1487	1486	1485	1484	1492	1491	1490	1489	1488
809.0	719.0	812	811	544	543	542	541	540	539	813
810.0	720.0	1768	1767	1766	1765	1764	1763	1762	1761	1769
654.0	574.0	168	173	172	171	170	169	213	212
662.0	582.0	630	629	628	627	1004	1003	1002	1001
677.0	597.0	1799	839	109	108	107	106	105	104
680.0	600.0	208	207	206	205	204	203	1081	1080
681.0	601.0	1853	1852	1851	1850	444	443	1587	1586
683.0	603.0	1701	1700	1699	1698	1697	511	2060	2059
692.0	612.0	373	372	1533	1149	1148	1014	375	374
692.0	612.0	1827	1826	1825	1824	88	87	1829	1828
693.0	613.0	2204	2203	2202	2201	2200	1040	1039	1038
713.0	633.0	1864	1863	1862	1861	223	222	221	1865
720.0	640.0	776	2137	2136	2135	2134	2133	2132	777
723.0	643.0	711	710	709	708	707	706	713	712
723.0	643.0	674	673	672	671	670	669	676	675
727.0	647.0	1986	1985	1984	1983	1982	1981	1980	1987
736.0	656.0	756	755	754	753	752	751	750	757
736.0	656.0	1239	1238	1237	1236	1243	1242	1241	1240
739.0	659.0	827	826	825	926	925	1788	1787	209
740.0	660.0	2005	2004	2003	2002	2001	2000	2007	2006
741.0	661.0	1362	1361	1360	1359	1358	1357	1356	1363
744.0	664.0	609	608	615	614	613	612	611	610
744.0	664.0	597	596	113	112	111	484	483	482
747.0	667.0	690	689	688	687	2224	2223	1140	1139
747.0	667.0	1288	1287	354	920	2079	2078	2077	2076
748.0	668.0	1133	1132	1131	1130	1135	1395	1394	1134
750.0	670.0	594	593	2106	2105	2104	2103	2102	2101
759.0	679.0	648	647	418	761	760	759	650	649
760.0	680.0	1581	1580	531	530	529	528	1583	1582
766.0	686.0	1350	1349	1348	1347	1346	243	242	1564
795.0	715.0	165	164	163	162	161	168	167	166
777.0	697.0	1941	1940	1146	1145	1144	1143	1142	1141
777.0	697.0	1416	1415	1422	1421	1420	1419	1418	1417
780.0	700.0	1452	1451	96	95	1930	1929	1454	1453
781.0	701.0	1495	1494	1493	1500	1499	1498	1497	1496
781.0	701.0	149	148	1789	924	1450	1449	1042	1041
781.0	701.0	556	666	2053	2052	2051	559	558	557
782.0	702.0	1966	2013	2012	2011	2010	2009	2008	1137
788.0	708.0	2123	2122	2121	2120	2119	2118	1662	1661
788.0	708.0	1337	1336	154	2210	2209	1340	1339	1338
791.0	711.0	2037	2036	2035	2034	2033	2032	2031	1372
792.0	712.0	897	896	895	902	901	900	899	898
792.0	712.0	1265	1264	1263	1262	1261	27	26	25
793.0	713.0	1965	1964	1650	1649	1648	1647	1138	53
793.0	713.0	1604	1603	45	44	43	1705	1704	1605
795.0	715.0	992	991	679	678	677	995	994	993
797.0	717.0	246	245	1616	1615	248	247	1618	1617
797.0	717.0	1089	1088	1087	1086	1085	1084	98	97
799.0	719.0	230	229	228	227	226	225	224	231
466.0	396.0	1620	1619	122	121	120	1755	1621
510.0	440.0	308	307	1683	1682	1681	310	309
550.0	480.0	385	384	383	1544	1543	1542	1541
594.0	524.0	411	436	103	102	101	413	412
621.0	551.0	168	119	118	117	116	115	114
624.0	554.0	1737	1736	1735	1734	1733	1739	1738
631.0	561.0	191	190	189	188	187	186	192
642.0	572.0	51	50	49	48	47	46	52
644.0	574.0	487	486	485	110	942	941	940
651.0	581.0	65	71	70	69	68	67	66
651.0	581.0	2172	2171	2170	2169	2072	2174	2173
654.0	584.0	1010	1009	18	17	16	15	1011
655.0	585.0	748	747	1509	1508	1507	745	749
664.0	594.0	735	1892	1891	1890	1889	1888	1887
668.0	598.0	824	823	980	979	978	403	1510
694.0	624.0	1977	1976	1975	1974	1973	1979	1978
695.0	625.0	1932	1931	1260	1259	1258	1934	1933
697.0	627.0	525	524	523	522	276	275	526
699.0	629.0	1502	1501	746	1506	1505	1504	1503
701.0	631.0	2141	2140	2139	2138	2048	2047	1333
706.0	636.0	178	177	176	175	174	654	653
706.0	636.0	916	586	5	4	3	918	917
707.0	637.0	253	252	251	2127	2126	808	807
709.0	639.0	2024	2023	1535	2021	2020	2026	2025
722.0	652.0	284	283	282	281	280	279	802
728.0	658.0	1747	1746	338	337	336	1749	1748
742.0	672.0	507	506	86	510	1634	1633	1632
743.0	673.0	815	814	2248	2191	2190	722	721
746.0	676.0	740	739	1626	1629	1628	1627	741
747.0	677.0	965	964	963	962	197	1112	966
747.0	677.0	1271	1270	1269	1268	1267	1168	1167
767.0	697.0	2095	2094	2093	632	631	630	629
752.0	682.0	567	566	1051	1050	1049	1048	800
776.0	706.0	1169	82	81	80	1172	1171	1170
761.0	691.0	705	704	703	702	961	960	959
762.0	692.0	952	951	950	1013	1012	535	534
765.0	695.0	1478	1477	1476	1475	527	422	421
765.0	695.0	1255	1254	1253	1092	1091	1257	1256
765.0	695.0	999	998	997	996	1895	1894	1893
768.0	698.0	720	719	718	717	716	1815	1814
768.0	698.0	1527	1526	1525	1613	1612	1611	2161
768.0	698.0	263	262	268	267	266	265	264
770.0	700.0	1406	1405	1404	956	955	954	1407
770.0	700.0	1623	1147	382	381	380	379	378
771.0	701.0	330	329	738	20	19	332	331
773.0	703.0	2199	2198	2197	2196	1037	1036	1035
775.0	705.0	211	210	1000	1463	635	634	633
775.0	705.0	1343	1342	1341	2092	2091	1345	1344
777.0	707.0	1182	1181	1180	789	788	744	1183
778.0	708.0	1721	1720	1866	1725	1724	1723	1722
781.0	711.0	519	518	517	516	515	521	520
782.0	712.0	1642	1641	1640	1646	1645	1644	1643
783.0	713.0	1592	1591	1590	1589	1588	1594	1593
785.0	715.0	1958	1957	1956	1518	1517	1960	1959
785.0	715.0	1192	1191	511	1090	1195	1194	1193
787.0	717.0	1672	1671	1670	1220	1219	1674	1673
787.0	717.0	255	254	806	805	804	803	256
787.0	717.0	1953	1291	1290	592	361	360	359
789.0	719.0	939	2117	2116	2115	2114	2113	2112
458.0	398.0	2174	2173	2125	2124	2176	2175
483.0	423.0	832	831	836	835	834	833
482.0	422.0	1689	1688	1687	1686	1685	790
507.0	447.0	1314	1319	1318	1317	1316	1315
512.0	452.0	1376	1375	1374	1373	1378	1377
552.0	492.0	128	127	73	771	1218	129
552.0	492.0	1302	1301	1300	2160	2159	2158
553.0	493.0	913	912	911	910	915	914
564.0	504.0	389	388	387	386	391	390
583.0	523.0	1070	1069	1068	1067	1066	1071
596.0	536.0	1201	1200	1199	2062	2061	1202
620.0	560.0	1296	1295	1294	1293	1298	1297
616.0	556.0	1324	1323	1322	1321	1320	1669
625.0	565.0	1402	1401	217	958	957	1403
627.0	567.0	1082	1691	1690	1950	1949	1083
655.0	595.0	1822	1821	1820	1819	89	1823
663.0	603.0	1436	1435	784	783	782	781
667.0	607.0	1334	1235	1234	1233	919	1335
671.0	611.0	694	693	692	691	696	695
684.0	624.0	1967	1972	1971	1970	1969	1968
690.0	630.0	1916	1915	1914	1913	1912	816
690.0	630.0	1109	1108	1107	1106	1111	1110
693.0	633.0	1061	1060	1059	1058	1057	1062
695.0	635.0	1771	1770	857	1025	393	2244
699.0	639.0	1472	1471	1470	1469	1474	1473
724.0	664.0	245	244	341	340	339	1353
705.0	645.0	463	727	726	1924	1923	1922
716.0	656.0	1538	1537	715	714	1540	1539
736.0	676.0	1954	358	1999	1998	1997	8
720.0	660.0	1886	1885	1884	1883	1882	736
742.0	682.0	2143	2142	1921	1920	1444	1443
723.0	663.0	1190	1694	1693	1692	513	512
727.0	667.0	1579	1578	1577	1576	652	532
729.0	669.0	1432	193	969	968	967	1273
749.0	689.0	2019	286	285	493	492	765
732.0	672.0	314	313	312	311	792	791
737.0	677.0	176	175	174	851	1625	1624
737.0	677.0	1445	514	406	405	1832	1831
739.0	679.0	295	2241	2240	2239	297	296
743.0	683.0	327	326	686	685	684	683
745.0	685.0	2235	2234	1364	2238	2237	2236
766.0	706.0	246	2163	2162	945	944	943
767.0	707.0	270	269	1838	1837	272	271
753.0	693.0	1900	1899	1898	1459	2063	1901
756.0	696.0	1936	1935	59	58	57	1839
758.0	698.0	1657	1656	1905	1660	1659	1658
759.0	699.0	533	651	446	445	423	953
760.0	700.0	468	467	466	829	828	469
766.0	706.0	766	765	764	763	762	1908
766.0	706.0	1230	550	1286	1285	1232	1231
767.0	707.0	1937	2225	278	1708	1939	1938
767.0	707.0	1798	1797	1796	1795	1800	100
767.0	707.0	235	1696	1695	408	407	236
769.0	709.0	2167	2166	2165	2164	1352	2168
779.0	719.0	1018	1017	1016	1015	1622	1019
780.0	720.0	737	328	1398	1897	1896	1399
780.0	720.0	357	1520	1519	1955	7	1292
285.0	235.0	1711	1904	1903	1902	1712
422.0	372.0	2187	2186	1816	2189	2188
440.0	390.0	1105	2030	2029	2028	2027
478.0	428.0	427	426	425	429	428
480.0	430.0	1718	1717	1716	1715	1719
495.0	445.0	1483	1482	220	219	218
506.0	456.0	1099	1098	1097	1101	641
512.0	462.0	1803	1802	1801	1805	1804
522.0	472.0	1807	1806	496	1809	1808
522.0	472.0	472	471	470	1094	1093
529.0	479.0	893	892	891	890	894
559.0	509.0	2045	2044	499	498	500
550.0	500.0	1128	1127	1126	1125	1129
557.0	507.0	770	769	768	126	125
592.0	542.0	1022	1021	1020	1024	1023
605.0	555.0	1391	1390	1794	883	882
605.0	555.0	1775	864	863	665	664
633.0	583.0	819	818	817	821	820
616.0	566.0	369	368	367	371	370
627.0	577.0	1848	1847	1846	1845	1849
636.0	586.0	92	91	90	94	93
640.0	590.0	2243	2242	858	578	1772
641.0	591.0	886	885	1397	1396	887
647.0	597.0	536	1361	289	538	537
647.0	597.0	921	622	621	923	922
667.0	617.0	1029	1782	1781	1780	1779
656.0	606.0	1562	1561	1560	1614	1524
663.0	613.0	1870	1869	1868	1867	1871
665.0	615.0	1636	2208	2207	2206	1637
689.0	639.0	2015	2014	2018	2017	2016
672.0	622.0	1211	1210	1942	288	287
677.0	627.0	2230	2229	2228	2227	2231
685.0	635.0	61	60	767	63	62
695.0	645.0	214	417	2067	216	215
705.0	655.0	452	451	659	658	453
729.0	679.0	403	402	401	400	404
711.0	661.0	1325	1221	33	32	1326
711.0	661.0	1993	456	1229	1228	1994
715.0	665.0	906	905	1177	1176	1175
716.0	666.0	1426	1425	1424	1423	1427
717.0	667.0	844	491	1573	64	845
719.0	669.0	810	809	547	546	545
722.0	672.0	1926	1925	1198	1197	1196
729.0	679.0	1442	1441	1440	1439	2144
730.0	680.0	200	199	198	424	201
730.0	680.0	854	853	852	1104	497
732.0	682.0	149	734	733	151	150
739.0	689.0	1448	1447	1045	1044	1043
741.0	691.0	2226	2225	278	277	570
745.0	695.0	795	794	793	1830	796
752.0	702.0	1609	1608	13	12	11
754.0	704.0	1188	1639	563	562	1189
754.0	704.0	1631	1630	1635	509	508
757.0	707.0	1428	1366	449	1430	1429
758.0	708.0	347	346	345	349	348
758.0	708.0	419	1481	1480	1479	420
763.0	713.0	324	323	322	321	325
764.0	714.0	856	855	574	1368	1367
765.0	715.0	655	450	1365	657	656
258.0	218.0	409	270	269	410
287.0	247.0	974	973	972	975
322.0	282.0	1557	1556	1555	1558
303.0	263.0	29	1217	1216	30
390.0	350.0	1226	1225	1224	1227
394.0	354.0	1597	1596	1595	1598
401.0	361.0	133	85	84	83
403.0	363.0	258	261	260	259
404.0	364.0	1928	1927	1047	1046
406.0	366.0	1355	1354	250	249
434.0	394.0	1873	1872	1875	1874
460.0	420.0	1055	417	416	1056
479.0	439.0	2129	2128	2131	2130
510.0	470.0	551	583	356	355
518.0	478.0	1077	1076	1079	1078
502.0	462.0	604	603	602	605
502.0	462.0	1184	1187	1186	136
528.0	488.0	1074	1073	1072	1075
528.0	488.0	432	431	430	433
585.0	545.0	1283	1282	1281	1284
590.0	550.0	1668	1667	1666	31
590.0	550.0	1963	1962	1961	1136
590.0	550.0	257	1185	135	134
622.0	582.0	74	772	72	130
622.0	582.0	1212	440	1102	1213
607.0	567.0	1114	1113	1116	1115
625.0	585.0	1655	1654	1907	1906
658.0	618.0	889	888	572	573
646.0	606.0	495	294	293	1810
662.0	622.0	565	439	438	437
690.0	650.0	1995	588	587	1996
672.0	632.0	298	1545	300	299
683.0	643.0	23	22	21	24
689.0	649.0	1836	1835	274	273
690.0	650.0	2069	2068	2071	2070
706.0	666.0	1178	1548	1547	1179
710.0	670.0	38	564	1638	2205
713.0	673.0	1121	1120	1119	1122
721.0	681.0	1726	1277	2193	2192
753.0	713.0	41	40	39	42
736.0	696.0	865	822	867	866
757.0	717.0	860	859	392	861
748.0	708.0	1714	1065	1064	1063
750.0	710.0	1774	1773	1028	579
755.0	715.0	79	907	1174	1173
758.0	718.0	977	976	1380	1379
190.0	160.0	1522	1521	1523
233.0	203.0	304	303	305
237.0	207.0	582	581	353
264.0	234.0	1910	1909	1911
265.0	235.0	291	290	292
267.0	237.0	1279	1278	1280
267.0	237.0	1551	1550	1552
269.0	239.0	1502	743	1438
273.0	243.0	1679	1678	1680
280.0	250.0	568	799	569
294.0	264.0	395	394	396
306.0	276.0	909	908	202
319.0	289.0	35	34	131
333.0	303.0	786	785	787
338.0	308.0	504	503	505
345.0	315.0	1413	1412	1414
354.0	324.0	414	840	415
389.0	359.0	1918	1917	580
473.0	443.0	364	363	595
500.0	470.0	1052	1054	1053
506.0	476.0	1948	399	398
530.0	500.0	970	1549	971
538.0	508.0	838	837	99
541.0	511.0	1652	1651	1653
557.0	527.0	2195	2194	1124
569.0	539.0	1989	1988	742
592.0	562.0	1663	1665	1664
597.0	567.0	319	318	320
632.0	602.0	1880	1879	1881
644.0	614.0	237	1299	2155
646.0	616.0	842	841	571
652.0	622.0	1675	1677	1676
657.0	627.0	1991	1990	1992
673.0	643.0	843	442	441
684.0	654.0	37	36	1123
688.0	658.0	1600	1602	1601
695.0	665.0	1400	2233	2232
695.0	665.0	9	2156	10
727.0	697.0	1812	575	1813
712.0	682.0	316	315	317
721.0	691.0	342	124	123
729.0	699.0	234	1834	1833
49.0	29.0	1945	1946
72.0	52.0	724	725
86.0	66.0	1943	1944
111.0	91.0	2073	2074
113.0	93.0	454	455
116.0	96.0	1740	1741
123.0	103.0	1327	1876
145.0	125.0	606	607
131.0	111.0	301	302
152.0	132.0	1559	1610
160.0	140.0	548	549
144.0	124.0	1742	1743
182.0	162.0	6	589
168.0	148.0	1303	1304
176.0	156.0	1553	1554
183.0	163.0	2249	2250
235.0	215.0	1817	1818
241.0	221.0	2075	1289
272.0	252.0	584	585
257.0	237.0	1599	397
284.0	264.0	1103	1214
310.0	290.0	1222	1223
316.0	296.0	1731	1328
321.0	301.0	1706	1707
324.0	304.0	306	1684
330.0	310.0	797	798
334.0	314.0	1546	862
351.0	331.0	132	1117
384.0	364.0	1811	576
395.0	375.0	1	2
463.0	443.0	1528	1529
496.0	476.0	1951	1952
526.0	506.0	801	1713
552.0	532.0	501	1730
607.0	587.0	616	617
637.0	617.0	434	435
657.0	637.0	232	233
699.0	679.0	1027	1919
699.0	679.0	577	1026
684.0	664.0	1409	1410
725.0	705.0	343	344
711.0	691.0	701	494
796.0	716.0	1756	1755	1754	1753	1760	1759	377	1757
605.0	545.0	662	661	1778	1777	1776	663
726.0	646.0	624	623	1252	1251	1250	1249	934	933
732.0	672.0	926	925	924	620	619	362
753.0	693.0	1381	1446	561	560	2050	2049
787.0	717.0	1530	1536	2022	1534	1533	1532	1531
782.0	712.0	138	137	144	143	985	984	983
688.0	618.0	2064	1458	1457	1456	1455	2066	2065
757.0	697.0	1332	1031	1030	830	465	464
728.0	658.0	553	552	874	668	667	555	554
773.0	713.0	239	238	1351	1563	1562	240
761.0	681.0	194	1431	904	903	351	350	196	195

Costs
MyIndex
