Costs	Duration	Task_1	Task_2	Task_3	Task_4	Task_5	Task_6	Task_7	Task_8	Task_9	Task_10	Task_11	Task_12	Task_13
87.0	77.0	1201
86.0	76.0	373
116.0	106.0	313
147.0	137.0	1525
175.0	165.0	1112
50.0	40.0	1573
55.0	45.0	2176
836.0	706.0	1738	1737	1736	1735	1734	1733	661	1731	1730	1729	1728	1185	1739
826.0	706.0	1582	1581	1580	1579	1578	1577	1576	223	222	221	220	219
777.0	667.0	1796	1795	1794	1793	2007	2006	2005	2004	1021	1020	1019
823.0	713.0	513	512	511	510	509	508	178	517	516	515	514
823.0	713.0	1429	1428	396	395	394	393	392	556	555	1431	1430
754.0	654.0	47	46	45	44	1303	1302	1301	50	49	48
774.0	674.0	1813	1812	1811	1336	1335	1334	1817	1816	1815	1814
790.0	690.0	167	166	165	164	1621	1620	1619	170	169	168
796.0	696.0	451	450	1196	1195	1495	1494	1493	1492	620	619
801.0	701.0	719	718	724	723	722	1647	1851	1850	2040	2039
803.0	703.0	1512	1511	1510	1509	1508	1507	1516	1515	1514	1513
807.0	707.0	1596	1595	1594	1593	837	836	835	834	833	832
808.0	708.0	1128	1127	1126	1125	1124	1327	1326	397	1130	1129
817.0	717.0	811	924	923	922	2024	816	815	814	813	812
818.0	718.0	1666	1665	1664	1663	1662	1661	1670	1669	1668	1667
820.0	720.0	1339	1338	1337	1679	1678	1677	1676	1675	1341	1340
820.0	720.0	415	414	413	796	795	794	419	418	417	416
661.0	571.0	1144	1143	1142	1141	804	803	802	1146	1145
670.0	580.0	979	978	977	976	975	974	973	972	980
673.0	583.0	1296	1295	1294	1293	1292	1291	1290	147	146
705.0	615.0	552	551	550	1016	1015	1014	1013	554	553
706.0	616.0	1157	1156	630	629	1930	1929	703	702	1158
710.0	620.0	2120	2119	1452	1451	1450	1449	1448	2122	2121
711.0	621.0	692	691	690	689	688	1928	695	694	693
720.0	630.0	1031	1921	1920	1919	1036	1035	1034	1033	1032
745.0	655.0	1359	1358	1357	434	433	432	431	1361	1360
749.0	659.0	854	150	149	860	859	858	857	856	855
752.0	662.0	1809	1808	409	408	407	406	405	404	1810
755.0	665.0	1027	1026	1025	1024	1023	1022	1030	1029	1028
764.0	674.0	2046	2045	1319	2052	2051	2050	2049	2048	2047
766.0	676.0	961	960	959	958	957	790	789	788	787
767.0	677.0	1394	1393	1392	1391	1390	1398	1397	1396	1395
769.0	679.0	1173	1172	1171	1170	435	1838	1837	1836	1835
772.0	682.0	842	841	840	403	402	1803	1802	1801	843
772.0	682.0	1010	1009	1008	1372	1371	3	2	1012	1011
778.0	688.0	2058	2057	2056	2055	2054	2053	326	325	2059
779.0	689.0	986	985	984	983	982	990	989	988	987
781.0	691.0	2106	2105	2104	2103	2102	2110	2109	2108	2107
783.0	693.0	229	228	227	226	727	726	725	2011	2010
786.0	696.0	1900	1899	1898	1897	1896	207	1903	1902	1901
790.0	700.0	886	885	893	892	891	890	889	888	887
791.0	701.0	1628	1627	2154	2153	2152	2151	2150	2149	1797
792.0	702.0	1584	1849	2145	1590	1589	1588	1587	1586	1585
793.0	703.0	1351	1350	1349	1348	1356	1355	1354	1353	1352
804.0	714.0	1312	717	668	667	666	665	1315	1314	1313
806.0	716.0	1288	1287	1286	1285	1284	1283	1282	1281	1289
808.0	718.0	1466	1465	1464	1463	1462	1461	757	864	94
809.0	719.0	1115	1114	1113	1533	1532	1531	1118	1117	1116
810.0	720.0	1279	1278	1277	1276	1275	1274	1273	1272	1280
551.0	471.0	782	781	780	779	778	777	1740	783
604.0	524.0	453	621	1757	1974	1973	1972	1971	1970
637.0	557.0	809	994	993	992	927	926	925	810
639.0	559.0	256	255	1712	428	427	426	425	424
651.0	571.0	1864	1863	1870	1869	1868	1867	1866	1865
654.0	574.0	907	578	577	576	575	574	573	572
666.0	586.0	1847	1846	1845	1844	1786	1076	1075	1074
673.0	593.0	1094	1093	1092	1091	1090	1089	1239	1238
683.0	603.0	292	291	687	686	685	684	683	682
699.0	619.0	1522	1521	1998	1997	1996	1995	1524	1523
701.0	621.0	212	211	210	209	319	318	214	213
717.0	637.0	1402	1401	1400	1399	1406	1405	1404	1403
720.0	640.0	64	63	1536	216	215	1539	341	340
725.0	645.0	1459	1458	1457	1456	1455	1454	1453	1460
725.0	645.0	607	314	1956	612	611	610	609	608
737.0	657.0	534	533	532	531	530	529	1506	1505
738.0	658.0	1547	1546	1545	1544	1543	1271	1270	1269
743.0	663.0	1331	1330	1329	1328	290	289	288	287
744.0	664.0	1765	1764	1771	1770	1769	1768	1767	1766
744.0	664.0	1233	1232	571	570	569	19	1235	1234
745.0	665.0	1653	1652	1651	1650	1649	1648	1655	1654
747.0	667.0	1753	1752	1751	1750	1749	1756	1755	1754
750.0	670.0	560	559	566	565	564	563	562	561
760.0	680.0	880	879	878	877	658	657	1538	1537
761.0	681.0	1111	1110	1109	543	542	438	439	1175
767.0	687.0	964	963	962	961	960	959	1703	965
769.0	689.0	203	202	201	932	867	866	865	204
770.0	690.0	1583	218	217	1535	1534	1079	2042	2041
772.0	692.0	1237	1236	18	17	26	25	24	23
795.0	715.0	904	903	902	901	900	907	906	905
776.0	696.0	770	769	1216	775	774	773	772	771
778.0	698.0	1854	1853	389	388	387	173	172	1855
785.0	705.0	116	1592	1591	121	120	119	118	117
786.0	706.0	399	398	1798	2148	2147	2146	1800	1799
789.0	709.0	730	729	728	225	224	347	732	731
792.0	712.0	1883	1882	1881	1888	1887	1886	1885	1884
792.0	712.0	38	37	2020	1243	1242	41	40	39
796.0	716.0	112	111	110	1078	1077	115	114	113
796.0	716.0	2090	2089	2088	2087	2086	2002	2001	2091
797.0	717.0	1417	1416	1415	1414	1413	1412	1411	1418
799.0	719.0	199	198	863	862	861	148	1174	1407
800.0	720.0	22	21	20	568	567	1097	1096	1095
507.0	437.0	1520	1519	152	151	1994	1993	1889
505.0	435.0	897	896	895	894	784	899	898
539.0	469.0	1410	1409	383	382	381	380	1693
556.0	486.0	1912	1911	16	1088	1087	1086	1085
585.0	515.0	1472	1471	1470	540	539	1474	1473
594.0	524.0	1155	1154	1153	1152	366	632	631
605.0	535.0	1696	1695	1694	2137	2136	946	945
634.0	564.0	1981	140	139	138	137	136	460
644.0	574.0	1345	1344	1343	1342	749	1347	1346
644.0	574.0	1440	1439	1438	1437	527	526	525
665.0	595.0	2158	2157	2156	2155	455	454	453
671.0	601.0	1643	1642	1641	66	65	64	63
677.0	607.0	1006	1005	317	316	315	2034	1007
685.0	615.0	2113	2112	2118	2117	2116	2115	2114
697.0	627.0	1778	1777	1776	1775	1992	1780	1779
709.0	639.0	85	84	83	82	81	87	86
710.0	640.0	536	535	1504	1503	981	538	537
713.0	643.0	1917	1916	1915	1039	1038	1037	1918
713.0	643.0	768	767	766	765	764	662	1732
719.0	649.0	391	390	956	955	954	953	557
723.0	653.0	69	68	67	1858	1857	1856	70
732.0	662.0	11	10	9	8	7	13	12
733.0	663.0	703	702	701	700	1568	1717	89
734.0	664.0	261	260	259	258	257	464	262
746.0	676.0	467	466	465	705	470	469	468
747.0	677.0	1362	1361	1360	1987	1986	1985	1363
747.0	677.0	297	296	1715	1714	1713	299	298
749.0	679.0	1979	1978	583	582	581	580	579
752.0	682.0	1420	1419	1425	1424	1423	1422	1421
754.0	684.0	1562	1561	1560	334	333	1564	1563
756.0	686.0	1804	1803	1802	401	519	354	1805
762.0	692.0	1603	1602	1601	1600	1599	1598	127
763.0	693.0	673	672	671	677	676	675	674
763.0	693.0	1132	1131	1427	1426	2012	1196	1491
766.0	696.0	595	594	593	592	1774	1773	1772
766.0	696.0	506	505	504	447	446	445	507
768.0	698.0	249	248	247	246	245	2162	250
769.0	699.0	1792	233	232	231	230	2009	2008
775.0	705.0	486	485	484	736	735	488	487
775.0	705.0	2143	2142	2141	2140	2139	2138	2144
776.0	706.0	346	1748	1747	1746	324	734	733
777.0	707.0	1382	1381	1380	1379	1378	1384	1383
778.0	708.0	437	436	541	1469	502	501	1304
778.0	708.0	1924	1923	1922	2018	2017	2016	1925
783.0	713.0	637	636	635	634	633	639	638
783.0	713.0	1550	740	739	738	737	355	1551
786.0	716.0	1309	1308	1307	1306	1305	1311	1310
787.0	717.0	142	141	1980	918	145	144	143
787.0	717.0	1042	1041	1040	1046	1045	1044	1043
789.0	719.0	699	698	1163	1162	1161	1160	1159
509.0	449.0	270	269	268	267	266	271
536.0	476.0	1834	1833	1832	1408	1570	1569
517.0	457.0	239	244	243	242	241	240
524.0	464.0	1168	1167	1166	1165	1164	1169
527.0	467.0	648	647	646	651	650	649
552.0	492.0	2166	2165	2164	2163	2168	2167
552.0	492.0	1136	1135	1134	2161	2160	2159
550.0	490.0	681	680	679	678	294	293
560.0	500.0	588	587	586	585	584	430
583.0	523.0	2127	2126	2125	2124	2123	2128
612.0	552.0	1529	1528	1527	545	944	1530
618.0	558.0	2030	818	817	2033	2032	2031
624.0	564.0	912	911	1631	915	914	913
634.0	574.0	969	968	792	791	971	970
635.0	575.0	1686	2074	1690	1689	1688	1687
635.0	575.0	362	361	295	365	364	363
640.0	580.0	461	460	459	458	463	462
645.0	585.0	283	282	281	286	285	284
659.0	599.0	300	254	253	252	251	301
668.0	608.0	762	761	760	759	758	763
676.0	616.0	252	251	1557	1556	1559	1558
697.0	637.0	62	61	60	59	321	320
681.0	621.0	1002	1897	1896	1257	1004	1003
684.0	624.0	76	748	747	746	745	77
685.0	625.0	1610	1609	1608	1607	1612	1611
690.0	630.0	312	311	310	309	308	544
692.0	632.0	1879	1878	1877	1876	1875	1880
699.0	639.0	643	642	641	640	645	644
702.0	642.0	1691	1942	1941	2026	2025	1940
705.0	645.0	352	351	350	349	348	353
708.0	648.0	1081	1080	1318	1317	1316	1082
713.0	653.0	1626	1625	1624	1623	175	174
736.0	676.0	1960	1189	1188	1187	1190	1961
717.0	657.0	1718	1567	1722	1721	1720	1719
738.0	678.0	1056	1055	1054	1053	194	193
719.0	659.0	126	125	124	123	122	1604
723.0	663.0	1480	1479	1478	1477	548	547
727.0	667.0	275	884	883	882	881	276
729.0	669.0	1819	1818	697	696	1927	1926
749.0	689.0	1872	1871	1102	1101	1100	80
732.0	672.0	931	930	929	928	1300	868
735.0	675.0	1219	1218	1217	1222	1221	1220
736.0	676.0	182	181	180	179	184	183
737.0	677.0	1646	1645	1644	1373	1374	1852
738.0	678.0	720	2038	2037	2036	2035	721
739.0	679.0	195	304	303	302	197	196
742.0	682.0	524	523	522	521	838	1441
745.0	685.0	78	1711	1710	1709	1708	79
745.0	685.0	2096	2095	2094	2093	2092	1702
766.0	706.0	1984	1983	1982	1936	920	42
766.0	706.0	1140	1139	29	28	27	2111
766.0	706.0	473	1842	1575	1574	1184	1183
747.0	687.0	951	950	949	948	947	952
748.0	688.0	1933	1932	808	807	1935	1934
770.0	710.0	2078	2081	2080	1205	2027	2079
756.0	696.0	1184	1951	2028	476	475	474
758.0	698.0	2067	2066	330	2070	2069	2068
778.0	718.0	1674	1673	1672	1671	332	331
760.0	700.0	1050	1049	1048	1047	1052	1051
780.0	720.0	1862	1861	1549	1548	1807	1806
761.0	701.0	53	52	51	1517	1636	2174
762.0	702.0	602	601	1178	1177	1176	603
763.0	703.0	600	599	598	597	596	158
768.0	708.0	421	420	1821	1820	423	422
777.0	717.0	1907	1789	1788	1910	1909	1908
285.0	235.0	1445	1444	1443	1442	1446
432.0	382.0	713	712	711	710	714
441.0	391.0	614	1193	1192	1191	615
455.0	405.0	941	940	939	938	942
471.0	421.0	616	1964	1963	1962	617
488.0	438.0	133	132	131	135	134
490.0	440.0	1367	1366	1365	1364	1368
522.0	472.0	191	190	189	188	1105
522.0	472.0	1825	1824	337	336	335
559.0	509.0	1475	1571	1108	1107	1476
561.0	511.0	1468	1467	93	92	503
585.0	535.0	371	370	369	368	372
597.0	547.0	1067	1066	106	1069	1068
609.0	559.0	359	358	357	356	360
633.0	583.0	874	873	872	876	875
622.0	572.0	1240	1630	1555	1098	1241
624.0	574.0	163	162	161	160	1622
636.0	586.0	1255	1254	1253	1252	1204
636.0	586.0	1501	1500	35	1498	1502
660.0	610.0	1990	1989	1988	1518	1991
671.0	621.0	2072	2071	1823	1822	2073
677.0	627.0	590	589	429	991	591
677.0	627.0	1597	831	830	829	489
681.0	631.0	452	618	2014	2013	1135
683.0	633.0	1486	1485	344	343	342
685.0	635.0	1565	1682	1681	1680	1566
688.0	638.0	1614	1613	91	90	1615
704.0	654.0	156	155	154	153	157
711.0	661.0	1785	1784	1783	1182	1726
716.0	666.0	237	236	235	234	238
728.0	678.0	1435	1434	1433	1432	1436
730.0	680.0	853	852	851	850	1106
735.0	685.0	2100	2099	73	345	2101
740.0	690.0	1891	1890	999	998	997
740.0	690.0	754	753	1716	756	755
743.0	693.0	2062	2061	2065	2064	2063
751.0	701.0	4	1370	1369	6	5
753.0	703.0	1073	1072	1071	1070	1848
756.0	706.0	558	1914	1913	1084	1083
756.0	706.0	109	108	107	1791	1790
761.0	711.0	1117	105	104	716	715
767.0	717.0	1684	1683	1608	497	1685
769.0	719.0	826	323	322	828	827
770.0	720.0	776	1267	1266	1265	1264
277.0	237.0	1743	1742	1741	1744
303.0	263.0	1937	1203	1202	1938
345.0	305.0	482	481	1227	483
382.0	342.0	1954	1953	1952	1955
393.0	353.0	1225	1224	1223	1226
401.0	361.0	159	1618	1617	1616
432.0	392.0	1120	1119	943	549
439.0	399.0	1323	1322	1325	1324
497.0	457.0	2077	2076	2075	1939
499.0	459.0	1906	1905	1904	2003
502.0	462.0	1760	1759	1758	1761
532.0	492.0	921	43	919	1256
528.0	488.0	2131	2130	2129	2132
528.0	488.0	1483	1482	1481	1484
538.0	498.0	1230	1229	1228	1231
540.0	500.0	1976	1975	2015	1977
573.0	533.0	1900	208	1259	1258
561.0	521.0	1873	848	847	750
567.0	527.0	1552	129	128	410
568.0	528.0	743	742	741	744
596.0	556.0	546	1526	1640	1639
601.0	561.0	1261	1260	1263	1262
591.0	551.0	478	477	480	479
622.0	582.0	1967	1966	1969	1968
626.0	586.0	966	786	785	967
648.0	608.0	334	1874	1827	1826
631.0	591.0	518	1018	1017	400
658.0	618.0	495	494	493	496
642.0	602.0	1213	1212	1215	1214
677.0	637.0	1701	1700	280	279
674.0	634.0	102	101	100	103
693.0	653.0	1099	1554	1553	528
694.0	654.0	822	825	824	823
702.0	662.0	1489	1488	1487	1490
706.0	666.0	378	377	870	379
714.0	674.0	1376	171	277	1377
720.0	680.0	57	56	55	58
750.0	710.0	1727	1958	1957	1186
757.0	717.0	96	95	200	869
741.0	701.0	520	1860	1859	839
743.0	703.0	751	704	88	752
747.0	707.0	456	1138	1137	457
750.0	710.0	1000	1064	1063	1001
755.0	715.0	1829	1828	1831	1830
760.0	720.0	1386	1385	1388	1387
101.0	71.0	328	327	329
233.0	203.0	653	652	654
259.0	229.0	934	933	97
264.0	234.0	306	305	307
269.0	239.0	1705	1704	1706
271.0	241.0	1723	1725	1724
273.0	243.0	1947	1946	1948
280.0	250.0	1298	1297	1299
306.0	276.0	1894	1893	1895
311.0	281.0	845	844	846
320.0	290.0	1210	1209	1211
327.0	297.0	441	440	442
366.0	336.0	2172	2171	2173
378.0	348.0	917	916	1635
378.0	348.0	449	448	1197
401.0	371.0	1060	1062	1061
389.0	359.0	376	375	871
491.0	461.0	2083	2085	2084
492.0	462.0	185	187	186
493.0	463.0	1540	1542	1541
504.0	474.0	1333	1332	130
530.0	500.0	1781	1065	1782
529.0	499.0	54	99	98
538.0	508.0	74	1745	75
541.0	511.0	2082	656	655
548.0	518.0	385	384	386
569.0	539.0	264	263	265
571.0	541.0	707	706	1692
579.0	549.0	1180	1179	1181
620.0	590.0	2060	492	491
646.0	616.0	1104	1103	192
652.0	622.0	1943	1945	1944
658.0	628.0	1122	1121	1123
661.0	631.0	1194	1965	1133
679.0	649.0	1840	1839	1572
688.0	658.0	2134	2133	2135
698.0	668.0	1698	1697	1699
716.0	686.0	1707	1198	849
729.0	699.0	996	995	1892
733.0	703.0	498	500	499
743.0	713.0	2097	278	2098
86.0	66.0	669	670
117.0	97.0	1496	1497
145.0	125.0	1762	1763
153.0	133.0	605	606
161.0	141.0	622	623
182.0	162.0	613	1959
164.0	144.0	1999	2000
190.0	170.0	708	709
176.0	156.0	443	444
178.0	158.0	1206	1207
183.0	163.0	205	206
251.0	231.0	273	274
257.0	237.0	1637	1638
241.0	221.0	1843	1787
263.0	243.0	1057	1058
300.0	280.0	14	15
284.0	264.0	1199	1200
330.0	310.0	1268	490
351.0	331.0	1208	2175
485.0	465.0	471	472
491.0	471.0	1	339
510.0	490.0	338	339
607.0	587.0	603	604
699.0	679.0	936	937
699.0	679.0	1059	935
684.0	664.0	374	1841
725.0	705.0	2169	2170
722.0	702.0	1606	1389
723.0	703.0	1605	1447
789.0	699.0	1245	1244	2019	1251	1250	1249	1248	1247	1246
736.0	666.0	1151	1150	1149	1148	1147	801	367
715.0	615.0	36	1499	34	33	32	31	30	2023	2022	2021
761.0	691.0	1321	1320	2044	2043	72	71	1375
773.0	703.0	798	797	412	411	793	800	799
641.0	561.0	1629	177	176	1660	1659	1658	1657	1656
604.0	534.0	2029	1950	1949	272	821	820	2030
618.0	558.0	818	817	2033	2032	820	819
584.0	524.0	1632	910	909	908	1634	1633
744.0	664.0	658	657	664	663	662	1732	660	659
762.0	662.0	625	624	806	805	1931	2022	2021	628	627	626

Costs
MyIndex
