Costs	Duration	Task_1	Task_2	Task_3	Task_4	Task_5	Task_6	Task_7	Task_8	Task_9	Task_10	Task_11	Task_12
164.0	154.0	463
191.0	181.0	885
204.0	194.0	724
83.0	73.0	213
147.0	137.0	191
27.0	17.0	438
204.0	194.0	562
79.0	69.0	351
55.0	45.0	297
50.0	40.0	930
803.0	683.0	797	364	363	362	361	360	359	772	357	356	355	354
807.0	707.0	782	781	23	22	21	20	19	18	17	16
809.0	709.0	231	230	229	196	237	236	235	234	233	232
624.0	534.0	245	244	243	242	241	240	239	238	246
745.0	655.0	641	640	639	420	419	418	417	15	14
747.0	657.0	501	500	499	507	506	505	504	503	502
792.0	702.0	899	898	667	666	665	664	663	671	670
794.0	704.0	411	410	409	408	407	406	405	413	412
643.0	563.0	204	203	583	582	581	580	206	205
697.0	617.0	521	520	527	526	525	524	523	522
701.0	621.0	249	248	247	29	812	811	810	992
709.0	629.0	570	569	568	567	566	573	572	571
720.0	640.0	455	454	684	683	682	681	457	456
723.0	643.0	496	495	494	493	492	491	498	497
727.0	647.0	347	346	345	344	343	350	349	348
740.0	660.0	169	168	167	166	165	172	171	170
740.0	660.0	401	400	399	398	397	404	403	402
743.0	663.0	813	28	27	818	817	816	815	814
748.0	668.0	254	253	252	251	258	257	256	255
748.0	668.0	86	479	478	477	476	483	482	87
761.0	681.0	669	475	474	222	903	902	901	900
771.0	691.0	739	738	737	736	879	954	741	740
791.0	711.0	98	97	96	95	94	93	100	99
535.0	465.0	534	533	539	538	537	536	535
552.0	482.0	578	577	576	575	919	918	917
601.0	531.0	427	426	425	424	423	429	428
654.0	584.0	327	326	325	324	323	322	328
659.0	589.0	176	175	34	33	32	31	177
666.0	596.0	386	385	384	383	389	388	387
667.0	597.0	550	549	548	554	553	552	551
694.0	624.0	573	572	571	570	569	484	574
689.0	619.0	188	219	218	217	216	190	189
694.0	624.0	393	392	391	390	396	395	394
703.0	633.0	908	907	906	905	904	910	909
705.0	635.0	145	192	941	940	939	938	937
724.0	654.0	678	677	676	675	674	638	679
726.0	656.0	511	510	509	508	174	173	512
730.0	660.0	435	434	433	623	135	134	35
732.0	662.0	590	589	630	629	628	627	626
733.0	663.0	37	36	133	132	131	39	38
736.0	666.0	110	761	760	759	758	757	111
747.0	677.0	845	844	843	842	841	847	846
776.0	706.0	260	266	265	264	263	262	261
774.0	704.0	916	915	914	913	912	911	579
779.0	709.0	698	697	625	624	432	431	430
786.0	716.0	275	149	801	800	278	277	276
542.0	482.0	25	24	372	371	370	26
571.0	511.0	934	933	932	931	936	935
579.0	519.0	469	602	601	631	471	470
587.0	527.0	338	337	336	107	340	339
608.0	548.0	154	153	152	151	150	155
618.0	558.0	156	161	160	159	158	157
620.0	560.0	945	944	949	948	947	946
635.0	575.0	124	616	615	614	613	125
644.0	584.0	838	837	836	835	840	839
650.0	590.0	72	71	344	437	436	73
650.0	590.0	183	182	187	186	185	184
651.0	591.0	794	793	792	791	696	795
664.0	604.0	60	59	58	57	373	61
692.0	632.0	285	284	809	808	807	806
676.0	616.0	208	207	795	622	621	620
676.0	616.0	745	744	743	742	747	746
689.0	629.0	691	690	695	694	693	692
690.0	630.0	416	415	414	785	784	783
726.0	666.0	334	333	332	331	330	335
728.0	668.0	698	703	702	701	700	699
734.0	674.0	64	63	62	67	66	65
760.0	700.0	272	271	270	269	274	273
764.0	704.0	752	751	750	749	748	753
765.0	705.0	487	486	485	490	489	488
341.0	291.0	77	76	75	74	78
404.0	354.0	897	896	895	894	668
446.0	396.0	730	534	533	979	978
458.0	408.0	778	777	776	780	779
487.0	437.0	820	819	823	822	821
498.0	448.0	43	42	41	40	44
512.0	462.0	593	592	591	595	594
514.0	464.0	148	318	714	713	712
589.0	539.0	447	446	445	444	92
595.0	545.0	966	965	964	968	967
604.0	554.0	379	378	377	381	380
615.0	565.0	200	199	198	197	283
624.0	574.0	514	513	517	516	515
627.0	577.0	789	788	787	786	790
656.0	606.0	755	754	825	824	756
657.0	607.0	685	689	688	687	686
662.0	612.0	85	84	83	943	942
664.0	614.0	139	138	137	136	140
692.0	642.0	928	927	858	857	929
694.0	644.0	636	635	634	981	980
699.0	649.0	603	602	601	600	604
701.0	651.0	7	6	5	4	8
722.0	672.0	30	619	618	179	178
724.0	674.0	849	848	883	882	881
725.0	675.0	128	127	126	130	129
726.0	676.0	958	957	956	955	617
733.0	683.0	122	121	960	959	123
736.0	686.0	366	365	369	368	367
736.0	686.0	718	717	716	715	719
755.0	705.0	751	556	555	181	180
264.0	224.0	650	649	648	651
285.0	245.0	51	50	49	52
325.0	285.0	300	299	298	301
359.0	319.0	81	80	79	82
382.0	342.0	281	280	228	803
392.0	352.0	707	352	142	708
477.0	437.0	458	461	460	459
484.0	444.0	306	305	308	307
496.0	456.0	859	862	861	860
536.0	496.0	291	290	289	292
520.0	480.0	970	969	972	971
521.0	481.0	831	830	829	832
528.0	488.0	54	53	56	55
540.0	500.0	585	584	202	586
570.0	530.0	833	799	226	834
585.0	545.0	46	45	891	141
602.0	562.0	211	210	209	212
603.0	563.0	452	451	450	453
628.0	588.0	951	950	953	952
642.0	602.0	984	983	982	985
655.0	615.0	722	721	720	329
682.0	642.0	805	804	287	989
668.0	628.0	963	962	961	108
676.0	636.0	545	544	547	546
677.0	637.0	610	609	608	611
680.0	640.0	729	728	727	535
688.0	648.0	876	875	874	877
692.0	652.0	855	854	853	856
718.0	678.0	529	532	531	530
725.0	685.0	116	115	118	117
728.0	688.0	259	382	528	826
174.0	144.0	710	709	711
181.0	151.0	465	464	466
216.0	186.0	163	162	164
232.0	202.0	643	642	644
233.0	203.0	375	374	376
279.0	249.0	705	704	706
280.0	250.0	925	924	926
333.0	303.0	103	102	104
335.0	305.0	69	68	70
374.0	344.0	440	439	441
380.0	350.0	559	558	560
384.0	354.0	473	472	223
441.0	411.0	707	796	317
444.0	414.0	596	890	889
448.0	418.0	647	519	518
451.0	421.0	353	143	798
487.0	457.0	113	565	564
473.0	443.0	879	878	880
504.0	474.0	850	852	851
493.0	463.0	673	672	637
547.0	517.0	286	288	990
571.0	541.0	225	224	193
614.0	584.0	1	3	2
646.0	616.0	921	920	922
631.0	601.0	659	658	660
654.0	624.0	612	106	105
680.0	650.0	732	731	733
737.0	707.0	976	468	977
739.0	709.0	655	654	294
37.0	17.0	119	120
35.0	15.0	341	342
86.0	66.0	540	541
111.0	91.0	421	422
106.0	86.0	892	893
111.0	91.0	214	215
113.0	93.0	194	195
145.0	125.0	587	588
127.0	107.0	863	864
127.0	107.0	442	443
152.0	132.0	991	250
160.0	140.0	994	995
144.0	124.0	542	543
190.0	170.0	987	988
187.0	167.0	661	662
212.0	192.0	986	201
199.0	179.0	734	735
199.0	179.0	606	607
201.0	181.0	652	653
210.0	190.0	725	726
210.0	190.0	467	561
221.0	201.0	865	866
242.0	222.0	802	282
242.0	222.0	279	227
224.0	204.0	13	14
228.0	208.0	11	12
249.0	229.0	109	762
251.0	231.0	47	48
242.0	222.0	764	765
257.0	237.0	827	828
264.0	244.0	886	887
278.0	258.0	311	312
302.0	282.0	993	293
284.0	264.0	723	462
303.0	283.0	765	766
320.0	300.0	310	311
351.0	331.0	295	296
373.0	353.0	598	599
386.0	366.0	315	316
434.0	414.0	645	646
485.0	465.0	973	974
510.0	490.0	563	114
526.0	506.0	309	884
550.0	530.0	996	656
549.0	529.0	313	314
552.0	532.0	763	112
559.0	539.0	304	735
602.0	582.0	632	633
638.0	618.0	975	605
654.0	634.0	680	101
689.0	669.0	267	268
692.0	672.0	997	657
699.0	679.0	888	597
687.0	667.0	220	221
690.0	670.0	302	303
698.0	678.0	923	557
706.0	686.0	9	10
808.0	718.0	769	768	767	775	774	773	358	771	770
604.0	534.0	871	870	869	868	867	873	872
781.0	701.0	89	88	481	480	449	448	91	90
772.0	702.0	319	147	146	145	144	321	320

Costs
MyIndex
