Costs	Duration	Task_1	Task_2	Task_3	Task_4	Task_5	Task_6	Task_7	Task_8	Task_9	Task_10	Task_11
63.0	53.0	506
86.0	76.0	1296
116.0	106.0	430
147.0	137.0	467
175.0	165.0	1299
204.0	194.0	1172
54.0	44.0	907
50.0	40.0	93
55.0	45.0	571
736.0	626.0	784	783	782	781	2006	2005	2004	2003	2002	786	785
786.0	676.0	397	396	395	394	393	392	253	252	400	399	398
807.0	697.0	26	25	24	23	22	21	20	1159	1068	28	27
812.0	702.0	418	809	808	1000	999	998	423	422	421	420	419
658.0	558.0	296	295	294	293	292	291	290	289	112	111
691.0	591.0	634	633	632	631	630	637	636	500	499	635
707.0	607.0	1311	1310	536	1686	1685	1684	1315	1314	1313	1312
783.0	683.0	204	213	212	211	210	209	208	207	206	205
790.0	690.0	1816	1815	1814	5	1822	1821	1820	1819	1818	1817
812.0	712.0	588	1762	1761	1760	1759	1758	1757	1881	1880	589
817.0	717.0	85	1217	1216	1215	1531	1223	1222	1221	1220	1219
818.0	718.0	1946	1082	1081	710	270	429	1950	1949	1948	1947
635.0	545.0	236	235	234	233	166	165	1629	1628	1627
723.0	633.0	1378	1377	1376	1375	1374	1382	1381	1380	1379
724.0	634.0	1462	1461	1460	1459	1425	1424	1423	1422	1463
744.0	654.0	311	310	309	308	307	306	305	1709	1708
768.0	678.0	934	933	932	931	930	938	937	936	935
771.0	681.0	1662	1661	1660	1659	1658	1657	704	516	225
777.0	687.0	724	723	722	721	720	719	1177	726	725
778.0	688.0	1063	1062	1061	129	128	1067	1066	1065	1064
778.0	688.0	1176	1580	1579	1578	1577	1576	439	438	284
803.0	713.0	658	657	889	888	887	1906	661	660	659
790.0	700.0	1319	1318	1317	1316	1683	1682	1681	353	352
791.0	701.0	671	670	1699	1698	1697	1696	1695	1694	672
792.0	702.0	943	942	941	73	72	71	1112	1111	944
792.0	702.0	846	854	853	852	851	850	849	848	847
794.0	704.0	1308	1414	1413	1412	1411	1737	1680	240	239
797.0	707.0	1344	752	751	750	749	748	994	993	992
800.0	710.0	618	617	616	615	490	489	1913	1912	488
802.0	712.0	1894	1893	1892	1891	514	513	512	1778	1777
804.0	714.0	766	765	764	820	819	818	817	1845	270
810.0	720.0	906	905	43	42	41	759	758	757	509
810.0	720.0	1889	1888	1887	1886	1885	1884	1883	1882	1890
663.0	583.0	473	472	471	470	469	468	475	474
670.0	590.0	1707	1706	687	686	685	314	313	312
683.0	603.0	1591	1590	1589	1588	1204	1203	1593	1592
686.0	606.0	298	297	304	303	302	301	300	299
688.0	608.0	37	36	35	1984	1983	40	39	38
710.0	630.0	1546	1545	1544	1543	485	484	1548	1547
707.0	627.0	2025	2024	2023	2022	1602	1601	1934	1933
708.0	628.0	682	681	680	679	1647	1646	1390	1389
717.0	637.0	799	742	741	740	739	986	985	984
717.0	637.0	1513	1512	1511	1510	1509	1516	1515	1514
721.0	641.0	954	953	331	330	329	957	956	955
726.0	646.0	508	507	707	706	705	511	510	509
730.0	650.0	1258	1257	1256	1255	1254	1253	1736	1735
736.0	656.0	1139	1138	1137	1136	1135	1134	1141	1140
745.0	665.0	841	840	839	838	837	836	733	732
747.0	667.0	1675	1674	1673	1672	385	1678	1677	1676
749.0	669.0	1774	1773	1772	1771	1770	1769	1776	1775
749.0	669.0	183	182	181	188	187	186	185	184
750.0	670.0	562	561	560	559	367	366	146	145
751.0	671.0	1435	1434	498	497	797	796	1925	1924
755.0	675.0	834	833	832	831	830	829	828	835
758.0	678.0	1279	1278	1277	1276	1275	1274	1281	1280
759.0	679.0	191	190	189	196	195	194	193	192
765.0	685.0	1861	1860	1859	1858	1959	1508	1507	1862
769.0	689.0	699	698	697	696	703	702	701	700
769.0	689.0	1696	1695	1694	1693	176	175	180	179
790.0	710.0	1328	1327	894	1869	361	547	546	545
771.0	691.0	222	221	220	227	226	1663	224	223
773.0	693.0	1826	1825	1824	1823	1191	1190	1052	1827
774.0	694.0	1746	1745	1744	1743	629	628	627	626
775.0	695.0	1842	1841	1840	1839	144	143	1844	1843
776.0	696.0	1472	1471	1470	1469	1877	1876	1875	1874
777.0	697.0	1122	1121	1120	1503	1502	1501	1252	1123
778.0	698.0	1403	1402	1401	1400	1407	1406	1405	1404
779.0	699.0	532	531	483	482	481	480	479	443
782.0	702.0	125	124	123	1146	1145	1144	127	126
784.0	704.0	541	540	487	486	1542	1326	1325	1324
785.0	705.0	1391	1645	1644	1643	1642	1641	1393	1392
785.0	705.0	1689	1688	1687	178	177	1692	1691	1690
788.0	708.0	1224	90	89	88	87	1227	1226	1225
790.0	710.0	198	197	456	455	454	201	200	199
790.0	710.0	895	1330	1329	577	576	1518	1517	896
793.0	713.0	1991	1990	1989	1988	1987	1994	1993	1992
800.0	720.0	317	316	315	684	683	320	319	318
800.0	720.0	575	574	1388	1387	1386	1385	1384	1383
570.0	500.0	1259	1734	1733	1732	1731	1368	1367
591.0	521.0	358	357	356	355	354	360	359
652.0	582.0	595	594	593	599	598	597	596
654.0	584.0	1127	1126	1417	1416	1415	1307	1128
684.0	614.0	1074	695	1295	1294	1293	1292	1291
673.0	603.0	333	332	155	154	153	335	334
684.0	614.0	1438	1437	1436	1435	1434	1433	1439
689.0	619.0	1229	1228	86	1233	1232	1231	1230
696.0	626.0	915	914	886	885	884	917	916
699.0	629.0	555	554	553	1483	1482	1481	1480
702.0	632.0	920	919	925	924	923	922	921
707.0	637.0	135	134	133	141	140	139	1477
712.0	642.0	34	33	1161	1160	1987	1986	1985
735.0	665.0	655	654	1045	1044	1261	1260	656
716.0	646.0	408	407	406	405	404	1143	1142
724.0	654.0	693	692	691	859	858	857	694
727.0	657.0	544	543	542	1868	1867	1866	1865
733.0	663.0	48	1666	1665	1664	515	157	156
738.0	668.0	1450	1449	1448	1447	1453	1452	1451
744.0	674.0	940	939	1979	1978	1977	1976	74
748.0	678.0	238	237	1421	1420	1419	1418	1309
751.0	681.0	45	44	904	903	902	47	46
752.0	682.0	968	967	973	972	971	970	969
775.0	705.0	417	416	2027	2026	1027	1026	1935
756.0	686.0	70	69	68	67	1914	496	1968
757.0	687.0	1747	625	624	623	622	1749	1748
768.0	698.0	1194	1193	1192	1198	1197	1196	1195
790.0	720.0	1938	1937	1936	1767	1941	1940	1939
770.0	700.0	868	867	866	865	864	863	1718
772.0	702.0	441	1679	536	535	534	533	442
773.0	703.0	876	875	874	873	872	871	877
774.0	704.0	665	664	663	662	1905	1904	666
775.0	705.0	1337	1343	1342	1341	1340	1339	1338
777.0	707.0	76	75	1073	1072	1071	78	77
777.0	707.0	1814	1813	1812	1811	669	668	667
778.0	708.0	1085	1084	1083	1945	1002	1001	1086
778.0	708.0	327	326	325	324	323	322	1768
780.0	710.0	1398	1397	83	82	81	80	79
783.0	713.0	1982	1981	1980	592	591	368	558
786.0	716.0	1304	1303	1302	1301	1300	1306	1305
790.0	720.0	1046	4	1369	891	890	445	444
790.0	720.0	1804	1803	1810	1809	1808	1807	916
412.0	352.0	1372	1371	2011	2010	2009	1373
454.0	394.0	395	394	393	392	1133	1132
491.0	431.0	12	11	16	15	14	13
498.0	438.0	1551	1550	1549	451	450	1552
517.0	457.0	1102	1101	1100	1105	1104	1103
521.0	461.0	216	215	214	219	218	217
531.0	471.0	807	806	811	810	809	808
540.0	480.0	108	107	106	105	110	109
560.0	500.0	1322	1321	1320	351	1960	1323
543.0	483.0	768	767	429	428	1443	769
552.0	492.0	1476	1475	1209	1208	1207	136
568.0	508.0	1539	1095	1094	1093	1541	1540
573.0	513.0	1917	1916	1915	735	1919	1918
595.0	535.0	1240	1788	1787	524	523	1241
618.0	558.0	460	459	365	364	462	461
620.0	560.0	1132	1131	1130	1129	673	672
628.0	568.0	1358	1357	1356	1355	1354	1359
638.0	578.0	1396	1395	1928	1927	1926	1248
644.0	584.0	1964	1963	1962	1961	1966	1965
649.0	589.0	340	339	338	337	336	341
650.0	590.0	590	638	1612	1611	1610	1609
680.0	620.0	1336	1522	1521	1756	1755	1754
663.0	603.0	620	619	539	538	892	621
711.0	651.0	415	803	802	988	987	1932
695.0	635.0	951	950	949	948	947	952
697.0	637.0	98	97	96	95	522	99
706.0	646.0	1270	1269	1268	1267	1266	1271
712.0	652.0	1239	1238	478	1791	1790	1789
714.0	654.0	151	150	149	148	147	152
719.0	659.0	1273	1272	453	452	1923	1922
721.0	661.0	981	980	979	1245	1244	1019
724.0	664.0	1081	1899	961	960	1996	1995
724.0	664.0	587	586	1766	1765	1764	1763
727.0	667.0	503	1107	1110	1109	1108	413
729.0	669.0	1921	1920	1753	1752	1751	1750
736.0	676.0	257	256	255	254	259	258
737.0	677.0	1741	1795	1794	1047	1738	1742
740.0	680.0	731	730	729	728	843	842
742.0	682.0	1614	1613	1618	1617	1616	1615
746.0	686.0	2028	1352	1351	1350	1349	1348
747.0	687.0	174	173	172	171	170	537
749.0	689.0	477	476	101	100	1793	1792
751.0	691.0	996	995	328	425	424	997
759.0	699.0	1070	1069	1158	1401	1400	1399
761.0	701.0	1569	1568	1567	1566	570	1570
761.0	701.0	644	1079	1078	1077	646	645
761.0	701.0	805	1604	1603	2021	2020	1028
762.0	702.0	778	777	2008	2007	780	779
763.0	703.0	734	678	677	676	675	674
764.0	704.0	550	549	548	1474	1473	1873
766.0	706.0	440	1125	244	243	242	241
767.0	707.0	1703	928	927	926	1705	1704
767.0	707.0	613	612	611	1538	1537	614
768.0	708.0	1286	1285	690	689	688	1287
770.0	710.0	1902	434	433	432	431	1903
774.0	714.0	1155	1154	1153	1152	1157	1156
776.0	716.0	1605	804	414	1608	1607	1606
779.0	719.0	277	276	275	274	273	278
780.0	720.0	1050	1049	1048	845	844	1051
393.0	343.0	1969	495	494	1799	1970
420.0	370.0	1408	1175	1174	1851	1409
452.0	402.0	437	436	435	286	285
460.0	410.0	1075	1290	1289	1288	1076
489.0	439.0	826	825	824	823	827
493.0	443.0	1833	1832	1831	1830	1246
512.0	462.0	1466	1465	1464	1468	1467
513.0	463.0	61	60	59	63	62
522.0	472.0	264	263	267	266	265
532.0	482.0	814	813	812	816	815
533.0	483.0	775	774	773	772	776
581.0	531.0	862	861	860	203	202
561.0	511.0	1525	1524	1523	1527	1526
579.0	529.0	1362	1361	1490	1725	1491
583.0	533.0	1043	1042	1041	1040	1262
602.0	552.0	1560	755	754	753	1561
633.0	583.0	716	715	714	718	717
635.0	585.0	1636	1635	493	492	1637
638.0	588.0	282	281	280	279	283
657.0	607.0	1598	1597	1596	1600	1599
661.0	611.0	745	744	743	747	746
663.0	613.0	650	649	648	647	651
664.0	614.0	959	958	962	269	1997
672.0	622.0	1719	1167	1166	1533	1532
676.0	626.0	640	639	1879	1878	641
677.0	627.0	1796	1911	1910	1798	1797
681.0	631.0	1853	1852	1410	1855	1854
684.0	634.0	1345	991	990	1347	1346
685.0	635.0	529	528	1455	1454	530
685.0	635.0	1091	432	94	608	607
692.0	642.0	929	1702	1701	1700	1106
698.0	648.0	491	1967	1640	1639	1638
700.0	650.0	1726	1730	1729	1728	1727
713.0	663.0	1975	1974	1973	1972	321
715.0	665.0	518	517	521	520	519
722.0	672.0	564	563	1838	1837	565
726.0	676.0	371	370	369	373	372
730.0	680.0	1781	1780	1779	1783	1782
740.0	690.0	1458	1457	1456	1427	1426
748.0	698.0	1739	787	7	6	1740
749.0	699.0	1099	974	66	65	64
752.0	702.0	1445	1444	381	380	822
754.0	704.0	19	18	1284	1283	1282
759.0	709.0	433	1251	388	387	386
760.0	710.0	737	736	1430	1199	738
760.0	710.0	1366	1365	1364	526	525
278.0	238.0	605	604	603	606
352.0	312.0	1333	1332	1331	1334
339.0	299.0	1897	1896	1895	1898
349.0	309.0	1236	653	652	1237
363.0	323.0	448	447	446	449
390.0	350.0	1037	1036	1035	1038
374.0	334.0	1486	1485	1484	1487
378.0	338.0	580	579	578	581
450.0	410.0	1214	1213	1721	1720
448.0	408.0	119	118	117	120
476.0	436.0	1530	1529	1528	1212
483.0	443.0	790	789	788	791
484.0	444.0	114	113	116	115
492.0	452.0	1088	1087	1090	1089
518.0	478.0	1624	1623	1626	1625
515.0	475.0	1563	1562	1565	1564
527.0	487.0	1717	1716	870	869
528.0	488.0	2034	2033	2032	2035
540.0	500.0	584	583	582	585
554.0	514.0	1489	1723	1722	1170
559.0	519.0	761	760	763	762
563.0	523.0	1848	1847	1846	1667
568.0	528.0	2016	2015	2018	2017
568.0	528.0	1536	1535	1534	527
581.0	541.0	821	602	601	1622
585.0	545.0	1957	1956	391	390
600.0	560.0	17	856	855	1832
603.0	563.0	1394	1931	1930	1929
618.0	578.0	411	410	409	412
626.0	586.0	1031	1488	1724	1360
658.0	618.0	55	54	53	56
639.0	599.0	1243	10	9	8
690.0	650.0	347	346	1857	1856
674.0	634.0	379	378	377	52
699.0	659.0	2000	1999	1998	2001
701.0	661.0	792	795	794	793
702.0	662.0	1098	1097	1096	893
706.0	666.0	161	160	159	1446
710.0	670.0	3	1188	2012	1370
721.0	681.0	709	708	1119	342
726.0	686.0	1944	1943	1942	1003
726.0	686.0	977	976	975	978
730.0	690.0	1493	1492	1495	1494
732.0	692.0	568	567	566	569
756.0	716.0	801	800	501	989
745.0	705.0	1185	1504	1187	1186
760.0	720.0	727	1016	1015	1014
187.0	157.0	879	878	880
207.0	177.0	1711	1710	1712
231.0	201.0	1670	1669	1671
213.0	183.0	271	343	272
225.0	195.0	946	945	1249
237.0	207.0	349	348	350
259.0	229.0	964	963	965
263.0	233.0	1649	1648	1650
273.0	243.0	1497	1496	1498
277.0	247.0	882	881	883
306.0	276.0	230	229	231
354.0	324.0	50	158	51
354.0	324.0	1056	1055	1057
371.0	341.0	643	642	1080
400.0	370.0	1025	1024	1800
401.0	371.0	1714	1713	1715
422.0	392.0	427	426	1250
427.0	397.0	983	1651	502
454.0	424.0	1021	1023	1022
465.0	435.0	2030	2029	2031
473.0	443.0	898	897	899
487.0	457.0	1116	1118	1117
492.0	462.0	260	262	261
493.0	463.0	1263	1265	1264
495.0	465.0	1828	2014	1829
501.0	471.0	1432	1431	798
530.0	500.0	1571	1573	1572
529.0	499.0	374	376	375
538.0	508.0	1053	1428	1054
540.0	510.0	1655	1654	1656
552.0	522.0	102	104	103
574.0	544.0	1189	1633	1429
589.0	559.0	981	1020	1019
604.0	574.0	1353	1029	1030
646.0	616.0	1114	1113	1115
646.0	616.0	1556	1555	1557
629.0	599.0	1835	1834	1836
632.0	602.0	168	167	169
645.0	615.0	909	908	910
679.0	649.0	712	711	345
709.0	679.0	2013	1632	1634
720.0	690.0	1784	1786	1785
726.0	696.0	1954	1953	1955
729.0	699.0	466	465	228
750.0	720.0	1206	1205	458
35.0	15.0	84	1218
86.0	66.0	1584	1585
113.0	93.0	163	164
113.0	93.0	1849	1850
121.0	101.0	232	164
145.0	125.0	900	901
152.0	132.0	1168	1169
152.0	132.0	1210	1211
152.0	132.0	1863	1864
152.0	132.0	383	384
160.0	140.0	382	1173
144.0	124.0	1586	1587
161.0	141.0	362	363
182.0	162.0	287	288
188.0	168.0	463	464
176.0	156.0	389	1958
176.0	156.0	1900	1901
183.0	163.0	770	771
185.0	165.0	1553	1554
212.0	192.0	1032	1363
199.0	179.0	1499	1500
230.0	210.0	1234	1235
235.0	215.0	1004	1005
240.0	220.0	1441	756
300.0	280.0	1801	1802
284.0	264.0	504	505
310.0	290.0	1033	1034
292.0	272.0	1247	1558
314.0	294.0	344	1298
320.0	300.0	1630	1631
330.0	310.0	1017	1018
351.0	331.0	1171	1668
367.0	347.0	982	1971
376.0	356.0	142	1442
412.0	392.0	1951	1952
447.0	427.0	1652	1653
452.0	432.0	57	58
458.0	438.0	600	49
463.0	443.0	551	552
482.0	462.0	1124	1092
526.0	506.0	2019	1440
526.0	506.0	1	2
607.0	587.0	91	92
638.0	618.0	1559	268
633.0	613.0	1519	1520
652.0	632.0	966	1242
675.0	655.0	609	610
689.0	669.0	1039	1999
699.0	679.0	1621	162
699.0	679.0	1619	1620
684.0	664.0	1297	713
692.0	672.0	572	573
826.0	716.0	1183	1182	1181	1180	1179	1178	1575	1574	1013	1012	1011
786.0	696.0	915	914	913	912	911	918	917	1806	1805
739.0	639.0	250	249	248	247	246	245	403	402	401	251
779.0	679.0	1149	1148	1147	122	121	1872	1871	1870	1151	1150
759.0	679.0	30	29	1165	1164	1163	1162	32	31
693.0	633.0	131	130	1060	1059	1058	132
506.0	446.0	1595	1594	1202	1201	1200	1335
565.0	495.0	1010	1909	1908	1907	1506	1505	1184
770.0	700.0	137	457	557	556	1479	1478	138
784.0	714.0	1007	1006	1583	1582	1581	1009	1008

Costs
MyIndex
