Costs	Duration	Task_1	Task_2	Task_3	Task_4	Task_5	Task_6	Task_7	Task_8	Task_9	Task_10	Task_11
106.0	96.0	955
98.0	88.0	1
86.0	76.0	1726
147.0	137.0	470
40.0	30.0	813
50.0	40.0	579
55.0	45.0	915
727.0	617.0	322	321	320	319	318	317	1120	1119	325	324	323
732.0	622.0	1715	1714	1713	1712	1711	1710	1709	2042	2041	2040	2039
774.0	664.0	177	176	1082	1081	1080	1079	1078	1077	1076	179	178
788.0	678.0	1696	1695	646	645	644	643	1701	1700	1699	1698	1697
809.0	699.0	158	157	156	381	380	379	1530	1529	161	160	159
816.0	706.0	1184	1183	1182	1181	75	74	73	703	702	701	700
816.0	706.0	169	168	167	166	165	164	163	173	172	171	170
820.0	710.0	1293	1292	1291	1187	1186	1185	699	731	730	552	551
641.0	541.0	2002	2001	2000	1999	1998	1997	1301	1134	1133	652
753.0	653.0	776	775	774	773	772	771	770	769	768	777
758.0	658.0	1092	1091	1090	283	282	281	280	279	2183	2182
769.0	669.0	1472	1471	1264	1263	1262	1261	1260	963	962	961
772.0	672.0	424	423	422	1596	1595	1594	428	427	426	425
785.0	685.0	544	543	2353	2352	550	549	548	547	546	545
785.0	685.0	1176	1175	1174	683	682	681	680	1273	1178	1177
790.0	690.0	753	752	751	750	749	748	747	756	755	754
794.0	694.0	11	10	475	420	419	418	15	14	13	12
807.0	707.0	1278	1277	1276	1275	1274	679	678	677	676	1390
808.0	708.0	464	463	462	1968	1967	469	468	467	466	465
815.0	715.0	1991	1990	1296	1295	1294	1293	1292	1291	1290	1289
816.0	716.0	789	788	1609	1608	126	125	78	792	791	790
816.0	716.0	1470	262	261	260	259	258	587	586	1266	1265
818.0	718.0	1046	1045	1044	1043	1042	1041	1040	1513	293	989
818.0	718.0	589	588	373	2317	2316	2315	2314	2313	1114	1113
820.0	720.0	326	686	543	542	541	1286	1285	1284	1283	1282
723.0	633.0	823	822	830	829	828	827	826	825	824
746.0	656.0	1842	1841	1840	1839	2098	2097	2096	1844	1843
747.0	657.0	1018	1017	1016	1824	1823	1822	1021	1020	1019
748.0	658.0	1431	1430	2379	107	106	105	104	103	102
749.0	659.0	2401	2400	2399	2398	1892	1891	1890	2403	2402
750.0	660.0	34	399	398	908	907	906	905	904	903
773.0	683.0	1054	2059	952	951	950	806	1672	1671	1670
753.0	663.0	693	692	691	690	1941	1940	975	974	973
757.0	667.0	1139	746	1146	1145	1144	1143	1142	1141	1140
767.0	677.0	309	308	307	306	305	1114	1113	1112	1111
782.0	692.0	460	459	458	457	456	455	1795	1794	1793
790.0	700.0	2073	2072	2071	2070	2069	2068	304	2075	2074
791.0	701.0	2044	2043	1414	1413	1412	1411	1410	1409	1408
791.0	701.0	1516	1515	1514	1917	1916	1915	1862	1861	1517
794.0	704.0	561	560	1957	1786	1785	1449	1448	800	799
801.0	711.0	139	138	137	575	574	573	572	571	620
803.0	713.0	442	441	440	439	438	437	436	444	443
806.0	716.0	861	860	859	858	857	856	1212	1211	255
809.0	719.0	1360	1359	1358	1357	1356	1355	932	931	1361
810.0	720.0	1908	1907	289	288	287	286	285	284	2216
810.0	720.0	1511	1510	1509	1508	1507	1506	1505	1504	1512
586.0	506.0	1391	1880	1879	1878	1877	1778	1746	1745
648.0	568.0	669	668	675	674	673	672	671	670
668.0	588.0	2050	2049	2048	2047	2046	2045	2052	2051
685.0	605.0	602	601	600	599	1538	1537	1536	603
689.0	609.0	1749	1748	1747	1754	1753	1752	1751	1750
692.0	612.0	58	57	56	1522	1521	2345	2344	2343
693.0	613.0	263	1928	1927	1926	368	367	366	780
703.0	623.0	1765	1764	1763	1762	1761	805	804	846
707.0	627.0	2088	2087	339	338	1707	1706	2173	2089
726.0	646.0	1315	1314	1760	1759	1319	1318	1317	1316
731.0	651.0	982	945	944	943	986	985	984	983
733.0	653.0	2095	2094	131	130	224	223	222	221
735.0	655.0	446	445	651	650	1402	842	1647	1646
738.0	658.0	116	115	114	113	112	1015	118	117
741.0	661.0	1093	2181	2180	2179	2178	2177	2176	1094
742.0	662.0	215	214	213	220	219	218	217	216
747.0	667.0	1095	227	226	225	1657	1656	1655	1654
747.0	667.0	2115	2114	2389	2388	2119	2118	2117	2116
750.0	670.0	353	352	351	350	95	1911	1910	1909
754.0	674.0	2093	2092	2091	2090	2089	1130	1129	132
754.0	674.0	65	64	376	375	374	68	67	66
775.0	695.0	604	1535	1534	1533	1532	1531	606	605
757.0	677.0	843	515	514	513	512	511	845	844
764.0	684.0	1307	1652	1651	1650	1649	653	508	507
765.0	685.0	879	1014	1013	490	489	488	487	486
766.0	686.0	2355	2354	1896	1895	2359	2358	2357	2356
767.0	687.0	1566	1565	1564	1563	1562	1569	1568	1567
772.0	692.0	2351	2350	2349	2348	1705	1704	1703	1702
773.0	693.0	940	939	938	937	936	935	942	941
773.0	693.0	2276	1584	1375	1374	2280	2279	2278	2277
774.0	694.0	2227	2226	372	371	370	369	2229	2228
775.0	695.0	1242	1241	1354	1353	930	929	934	933
798.0	718.0	1543	1542	1549	1548	1547	1546	1545	1544
779.0	699.0	2275	2274	999	1059	1058	630	629	1000
781.0	701.0	1755	888	887	886	885	884	883	1756
785.0	705.0	62	61	60	59	162	378	377	63
786.0	706.0	1731	1730	1729	303	302	2109	1733	1732
790.0	710.0	1300	1299	1298	1297	705	704	1136	1135
790.0	710.0	50	49	48	55	54	53	52	51
794.0	714.0	2309	2308	2307	1259	1258	1257	1256	2310
795.0	715.0	2004	2003	841	840	894	893	1302	2005
798.0	718.0	500	611	610	609	1962	1961	1960	501
799.0	719.0	207	206	881	1017	211	210	209	208
800.0	720.0	1190	1189	1188	1996	1995	1994	1993	1992
800.0	720.0	727	726	1945	1944	1943	1942	689	688
800.0	720.0	1104	1103	2387	2386	2385	1108	2383	2382
497.0	427.0	316	315	314	313	312	311	1121
552.0	482.0	1835	1834	1833	1832	1838	1837	1836
565.0	495.0	346	345	344	343	349	348	347
591.0	521.0	1479	1478	1477	1476	1475	1481	1480
632.0	562.0	2202	1489	1488	1487	1486	1485	1484
641.0	571.0	1687	2162	2161	2160	2159	2196	1688
654.0	584.0	389	388	387	386	385	384	390
664.0	594.0	1313	1312	1311	1310	1309	1416	1415
679.0	609.0	1577	1215	1214	1213	1580	1579	1578
685.0	615.0	453	452	451	450	449	741	454
686.0	616.0	802	801	800	799	1404	1403	803
686.0	616.0	1828	1827	1826	1825	637	2130	2129
692.0	622.0	1440	1439	1438	1437	1436	1442	1441
701.0	631.0	1126	1125	2294	694	2168	2167	2166
704.0	634.0	595	594	593	592	591	590	1777
711.0	641.0	1950	1949	1948	1947	1946	1952	1951
714.0	644.0	2215	2214	2220	2219	2218	2217	2216
715.0	645.0	1038	1037	1036	1035	1034	1033	1039
718.0	648.0	1240	1239	1245	1244	1243	1242	1241
721.0	651.0	2406	2405	2404	1889	1888	2408	2407
721.0	651.0	782	781	121	120	119	784	783
726.0	656.0	1902	1901	1900	1899	1898	1897	1903
727.0	657.0	666	665	664	2148	47	46	2190
748.0	678.0	988	987	2364	2363	2362	1048	1047
729.0	659.0	1788	1787	1956	1955	1954	1953	1789
729.0	659.0	2126	2125	1601	1600	1599	2128	2127
730.0	660.0	1668	1667	1853	1852	1851	1850	1669
730.0	660.0	1636	1635	334	333	332	331	1637
753.0	683.0	448	447	746	745	744	743	742
742.0	672.0	635	634	633	787	786	785	636
742.0	672.0	1063	1062	1061	865	864	863	862
746.0	676.0	485	484	1227	1226	1225	1224	880
751.0	681.0	291	290	1906	1905	1904	1970	1969
751.0	681.0	1612	1611	1610	133	1238	83	82
776.0	706.0	516	522	521	520	519	518	517
762.0	692.0	127	1607	1085	1084	1083	129	128
783.0	713.0	327	1541	1540	1539	330	329	328
763.0	693.0	1690	1689	19	18	2234	2233	1124
763.0	693.0	2223	2222	1469	1468	1676	2225	2224
764.0	694.0	991	990	294	293	292	461	1971
766.0	696.0	1010	1009	1008	1007	1006	1012	1011
768.0	698.0	1824	1632	1631	1630	1629	1628	638
771.0	701.0	1139	1138	1137	565	564	563	562
771.0	701.0	798	797	796	795	1407	1406	1405
771.0	701.0	875	874	873	483	482	2121	876
771.0	701.0	1389	1388	1387	2346	1281	1280	1279
771.0	701.0	1162	1161	1474	1473	960	1164	1163
772.0	702.0	764	149	1973	2062	2061	2060	765
781.0	711.0	154	6	5	4	3	2	155
783.0	713.0	1304	1303	892	891	890	889	1305
786.0	716.0	569	568	567	566	1358	614	570
786.0	716.0	192	191	2327	1556	1555	194	193
786.0	716.0	1373	1372	1371	1370	1369	100	99
790.0	720.0	2195	2201	2200	2199	2198	2197	820
359.0	299.0	245	244	623	622	621	246
391.0	331.0	612	499	498	497	496	613
462.0	402.0	1802	2024	2023	1805	1804	1803
467.0	407.0	640	639	925	924	642	641
491.0	431.0	1881	1779	1885	1884	1883	1882
500.0	440.0	2018	2017	2016	2015	1801	1800
522.0	462.0	2167	21	2171	2170	2169	23
512.0	452.0	1064	1810	1809	1808	1066	1065
552.0	492.0	2291	2290	2289	2288	2287	2292
547.0	487.0	2381	2380	2379	2378	2377	958
563.0	503.0	1074	1073	1072	1071	1070	1075
590.0	530.0	2153	2152	2151	2192	2191	2154
575.0	515.0	2381	2380	1429	1428	1427	958
577.0	517.0	1419	1418	1417	140	1053	1052
583.0	523.0	1335	2079	2078	2077	2076	1336
633.0	573.0	1739	1738	1737	1736	1735	1740
627.0	567.0	412	411	410	2338	2337	413
653.0	593.0	1364	1363	1362	2369	2368	1365
659.0	599.0	1724	1723	1722	1721	1720	1725
661.0	601.0	2022	2021	2020	2019	1807	1806
663.0	603.0	848	847	1769	1768	1767	1766
666.0	606.0	2262	2261	2367	2366	2365	2263
678.0	618.0	2285	2284	2283	2282	2281	2286
710.0	650.0	27	980	979	2174	2173	2089
699.0	639.0	715	714	713	712	717	716
724.0	664.0	1027	1026	1025	1024	186	185
713.0	653.0	251	250	249	254	253	252
717.0	657.0	1235	1234	1233	1232	1237	1236
721.0	661.0	1465	1464	1463	1368	1367	1466
724.0	664.0	2265	2264	2055	2054	2053	2266
725.0	665.0	537	536	1876	540	539	538
726.0	666.0	145	144	143	142	141	993
726.0	666.0	1963	657	656	1617	1200	1199
732.0	672.0	1253	1252	1251	1250	1249	1254
732.0	672.0	273	272	271	1343	1342	2031
732.0	672.0	9	8	7	153	204	203
733.0	673.0	950	949	948	947	946	2420
736.0	676.0	1148	1147	1098	660	659	658
739.0	679.0	92	617	616	615	94	93
739.0	679.0	1386	1385	1384	1383	1382	2347
762.0	702.0	2173	2172	2175	1708	1132	1131
743.0	683.0	1615	2253	1561	1202	1201	1616
766.0	706.0	190	189	188	2330	2329	2328
766.0	706.0	1683	1682	1681	1686	1685	1684
747.0	687.0	1492	1491	1490	1495	1494	1493
748.0	688.0	2038	2037	2036	2035	2034	1716
748.0	688.0	1128	2083	971	970	2086	2085
751.0	691.0	506	505	510	509	508	1308
753.0	693.0	1051	1050	1049	1248	1247	1420
755.0	695.0	1459	1458	1457	1456	1455	1460
762.0	702.0	2412	2411	2410	2409	2414	2413
762.0	702.0	1680	1679	1678	1677	2156	2155
763.0	703.0	89	88	87	86	85	2186
763.0	703.0	1936	1935	1934	1939	1938	1937
764.0	704.0	269	268	2236	2235	17	270
765.0	705.0	1933	1932	1931	2320	2319	2318
766.0	706.0	1958	559	504	503	502	1959
767.0	707.0	1692	1691	1123	1122	1694	1693
769.0	709.0	184	183	182	181	180	1613
770.0	710.0	1401	1088	1347	1346	1345	649
771.0	711.0	2138	2137	2136	2135	91	90
771.0	711.0	432	123	122	435	434	433
772.0	712.0	869	868	867	866	1815	1814
774.0	714.0	556	555	554	553	558	557
774.0	714.0	1813	1812	1811	872	871	870
775.0	715.0	1223	1222	1221	1220	2122	481
776.0	716.0	1964	1653	1306	1203	1966	1965
778.0	718.0	2237	267	266	265	2239	2238
779.0	719.0	1217	1216	1874	1873	1872	779
780.0	720.0	175	174	1288	1287	1023	1022
285.0	235.0	2248	2247	2246	2245	2249
330.0	280.0	1394	1393	1392	1780	1395
382.0	332.0	1446	1445	1444	1443	1447
420.0	370.0	2301	2300	2299	2298	2302
432.0	382.0	1156	1155	1154	1153	1157
455.0	405.0	2272	2271	2270	2269	2273
490.0	440.0	1328	1327	1326	1325	1329
504.0	454.0	1867	1866	1870	1869	1868
518.0	468.0	360	359	358	362	361
526.0	476.0	1002	1001	1005	1004	1003
528.0	478.0	1605	1604	1087	1086	1606
538.0	488.0	1399	1398	1397	1396	1400
541.0	491.0	598	597	596	480	479
554.0	504.0	1553	1552	1551	1550	1554
556.0	506.0	667	585	584	583	582
580.0	530.0	911	910	909	913	912
584.0	534.0	2250	1352	1351	1350	2251
602.0	552.0	1031	1030	1029	1028	1032
609.0	559.0	1499	1498	1497	1496	706
618.0	568.0	1664	1663	1854	1666	1665
624.0	574.0	232	1246	235	234	233
626.0	576.0	1849	135	134	619	618
626.0	576.0	1452	1451	1450	1454	1453
629.0	579.0	1987	1986	1875	1989	1988
635.0	585.0	2312	2311	1627	1116	1115
637.0	587.0	264	1871	1524	1523	205
641.0	591.0	654	1648	1792	1791	655
669.0	619.0	1209	1208	1207	1206	855
651.0	601.0	44	43	42	41	45
676.0	626.0	1660	1659	1658	1662	1661
658.0	608.0	238	237	236	2333	2012
663.0	613.0	627	1860	1978	1977	628
668.0	618.0	2240	2244	2243	2242	2241
669.0	619.0	1559	1558	1557	2297	1560
694.0	644.0	967	966	965	530	968
679.0	629.0	1272	2204	2203	1483	1482
683.0	633.0	1821	1820	1819	1180	1179
687.0	637.0	2260	2259	2258	2257	1366
698.0	648.0	928	608	648	927	84
699.0	649.0	2372	2143	2142	2141	2373
699.0	649.0	1980	1979	1913	1912	1981
702.0	652.0	632	631	1219	1983	2026
714.0	664.0	626	195	1520	1519	1518
720.0	670.0	71	70	69	212	72
720.0	670.0	535	1069	1068	1067	1989
730.0	680.0	1572	1571	1570	1574	1573
730.0	680.0	919	918	917	916	920
737.0	687.0	201	478	477	476	202
740.0	690.0	1334	1333	1332	1331	2080
749.0	699.0	532	531	964	534	533
753.0	703.0	364	363	248	247	365
755.0	705.0	1848	1847	1846	1845	136
760.0	710.0	2123	607	1603	1602	2124
762.0	712.0	230	229	228	2361	231
762.0	712.0	396	395	1501	1500	397
765.0	715.0	1196	1097	1096	1198	1197
767.0	717.0	2158	2157	1435	1434	821
769.0	719.0	1742	1741	1781	1744	1743
277.0	237.0	402	401	400	403
277.0	237.0	1101	1100	1099	815
381.0	341.0	719	718	717	720
412.0	372.0	29	28	341	340
394.0	354.0	831	729	728	832
396.0	356.0	2144	2371	2370	2145
403.0	363.0	525	528	527	526
408.0	368.0	2295	22	1127	2296
434.0	394.0	1856	1855	1858	1857
439.0	399.0	1526	1525	1528	1527
464.0	424.0	2057	2056	2103	2104
487.0	447.0	26	25	24	976
510.0	470.0	2150	721	2194	2193
497.0	457.0	1160	1159	1158	101
518.0	478.0	2304	2303	2306	2305
501.0	461.0	1194	1193	1192	1195
502.0	462.0	2210	2209	2208	2211
505.0	465.0	1776	2392	2391	2390
506.0	466.0	471	474	473	472
538.0	498.0	1341	1340	2395	2032
522.0	482.0	2112	2111	2110	2113
547.0	507.0	80	79	124	81
529.0	489.0	1864	1863	1914	1865
542.0	502.0	1268	1267	1168	1167
592.0	552.0	38	2013	239	39
583.0	543.0	1230	1229	1228	1231
592.0	552.0	1748	1887	1886	1191
594.0	554.0	524	523	197	196
618.0	578.0	76	926	793	77
626.0	586.0	37	2332	2335	2334
637.0	597.0	2341	2340	2339	2342
658.0	618.0	1349	1348	2033	2252
645.0	605.0	944	2256	2255	576
653.0	613.0	297	808	807	994
672.0	632.0	758	992	760	759
685.0	645.0	1151	1150	1149	661
689.0	649.0	2133	2132	2131	2134
720.0	680.0	1622	580	581	2149
705.0	665.0	2058	2140	954	953
706.0	666.0	298	301	300	299
742.0	702.0	31	30	33	32
729.0	689.0	1798	1797	1796	1799
734.0	694.0	854	853	2221	1210
737.0	697.0	2417	2416	2419	2418
744.0	704.0	242	241	240	243
745.0	705.0	763	762	2146	2147
745.0	705.0	429	882	431	430
749.0	709.0	277	1719	1718	1717
750.0	710.0	109	108	111	110
752.0	712.0	296	295	810	809
760.0	720.0	492	491	494	493
187.0	157.0	1422	1421	1423
190.0	160.0	2323	2322	2324
237.0	207.0	2188	2187	2189
265.0	235.0	1338	1337	1339
271.0	241.0	902	36	35
271.0	241.0	2108	2107	1734
272.0	242.0	199	198	200
273.0	243.0	1323	1322	1324
277.0	247.0	1425	1424	1426
279.0	249.0	355	354	356
281.0	251.0	97	96	98
300.0	270.0	2008	2007	2009
320.0	290.0	406	405	407
331.0	301.0	1623	1625	1624
335.0	305.0	1830	1829	1831
338.0	308.0	1056	1055	1057
361.0	331.0	2231	2230	2232
386.0	356.0	710	709	711
388.0	358.0	147	146	148
378.0	348.0	922	921	923
410.0	380.0	1975	1974	1976
473.0	443.0	2375	2374	2376
508.0	478.0	2206	2205	2207
530.0	500.0	1461	357	1462
533.0	503.0	1255	2067	2066
515.0	485.0	794	708	707
519.0	489.0	835	837	836
538.0	508.0	1774	1773	1775
568.0	538.0	2028	2027	1985
589.0	559.0	877	2120	878
623.0	593.0	2184	278	2185
644.0	614.0	969	2082	2081
657.0	627.0	662	1205	663
671.0	641.0	736	1089	647
681.0	651.0	1782	1784	1783
684.0	654.0	152	151	1467
695.0	665.0	2163	20	2293
699.0	669.0	276	275	495
721.0	691.0	2331	2011	2010
737.0	707.0	833	687	834
737.0	707.0	778	1984	1218
748.0	718.0	724	1118	1117
67.0	47.0	811	812
113.0	93.0	1320	1321
113.0	93.0	2105	2106
116.0	96.0	2063	2064
118.0	98.0	2325	2326
144.0	124.0	818	819
145.0	125.0	2212	2213
146.0	126.0	816	817
152.0	132.0	2164	2165
156.0	136.0	977	978
144.0	124.0	1757	1758
162.0	142.0	849	850
176.0	156.0	1432	1433
183.0	163.0	2421	2422
208.0	188.0	1770	2106
213.0	193.0	1673	1674
257.0	237.0	624	625
242.0	222.0	851	852
265.0	245.0	1771	1772
265.0	245.0	722	723
289.0	269.0	757	1972
320.0	300.0	2099	2100
320.0	300.0	2025	2026
349.0	329.0	2029	2030
330.0	310.0	2393	2394
351.0	331.0	404	914
362.0	342.0	2396	2397
364.0	344.0	814	1102
367.0	347.0	274	1344
396.0	376.0	763	1859
425.0	405.0	577	578
489.0	469.0	2267	2268
491.0	471.0	408	409
510.0	490.0	2336	409
549.0	529.0	1204	1152
603.0	583.0	2254	2415
637.0	617.0	2101	2102
638.0	618.0	1675	1982
623.0	603.0	766	767
634.0	614.0	1575	1576
637.0	617.0	2065	2066
654.0	634.0	761	150
692.0	672.0	2014	40
673.0	653.0	1330	529
699.0	679.0	1620	1621
699.0	679.0	1618	1619
684.0	664.0	1727	1728
692.0	672.0	1626	725
725.0	705.0	342	2006
729.0	709.0	187	981
731.0	711.0	1614	2139
754.0	664.0	957	956	310	1110	1109	2384	1107	1106	1105
784.0	694.0	1380	1379	1378	1377	1376	1583	1582	1581	1381
819.0	709.0	421	1818	1817	1816	16	417	416	415	414	1598	1597
605.0	555.0	996	995	1060	998	997
588.0	518.0	737	2360	1894	1893	740	739	738
776.0	696.0	1170	1169	2321	685	684	1173	1172	1171
733.0	663.0	1586	1585	1271	1270	1589	1588	1587
733.0	643.0	1929	262	1270	260	259	258	257	256	1930
806.0	716.0	1643	1642	1641	1640	1639	1638	1503	1502	1644
788.0	718.0	383	382	337	336	335	1634	1633
802.0	692.0	839	838	901	900	899	898	897	896	895	841	840
795.0	715.0	1923	1922	1921	1920	1919	1918	1925	1924
813.0	713.0	733	732	698	697	696	695	2084	972	735	734
786.0	706.0	1591	1590	1269	1166	1165	959	1593	1592
766.0	696.0	1645	394	393	392	391	1790	896

Costs
MyIndex
